0 1 -0.992072
1 -0.992072 0.999964
2 0.999964 -0.999431
3 -0.999431 0.999517
4 0.999517 -0.998643
5 -0.998643 0.978002
6 0.978002 -0.945756
7 -0.945756 0.868931
8 0.868931 -0.860958
9 -0.860958 0.828223
10 0.828223 -0.811619
11 -0.811619 0.723094
12 0.723094 -0.667262
13 -0.667262 0.65544
14 0.65544 -0.664402
15 -0.664402 0.650958
16 0.650958 -0.508642
17 -0.508642 0.44577
18 0.44577 -0.409144
19 -0.409144 0.538248
20 0.538248 -0.635591
21 -0.635591 0.695372
22 0.695372 -0.648151
23 -0.648151 0.52621
24 0.52621 -0.418675
25 -0.418675 0.296612
26 0.296612 -0.401128
27 -0.401128 0.547554
28 0.547554 -0.655059
29 -0.655059 0.676457
30 0.676457 -0.730807
31 -0.730807 0.791401
32 0.791401 -0.734443
33 -0.734443 0.777857
34 0.777857 -0.742663
35 -0.742663 0.743627
36 0.743627 -0.778859
37 -0.778859 0.787567
38 0.787567 -0.717321
39 -0.717321 0.799352
40 0.799352 -0.782677
41 -0.782677 0.701449
42 0.701449 -0.759403
43 -0.759403 0.691185
44 0.691185 -0.607355
45 -0.607355 0.558146
46 0.558146 -0.587968
47 -0.587968 0.650186
48 0.650186 -0.678995
49 -0.678995 0.723221
50 0.723221 -0.725265
51 -0.725265 0.747896
52 0.747896 -0.750624
53 -0.750624 0.762567
54 0.762567 -0.749326
55 -0.749326 0.757062
56 0.757062 -0.756708
57 -0.756708 0.753157
58 0.753157 -0.759408
59 -0.759408 0.763521
60 0.763521 -0.762254
61 -0.762254 0.763186
62 0.763186 -0.759081
63 -0.759081 0.760012
64 0.760012 -0.756274
65 -0.756274 0.75207
66 0.75207 -0.771404
67 -0.771404 0.760085
68 0.760085 -0.777779
69 -0.777779 0.773085
70 0.773085 -0.790074
71 -0.790074 0.792771
72 0.792771 -0.794355
73 -0.794355 0.78532
74 0.78532 -0.784099
75 -0.784099 0.758309
76 0.758309 -0.738346
77 -0.738346 0.707157
78 0.707157 -0.714344
79 -0.714344 0.683184
80 0.683184 -0.630099
81 -0.630099 0.681891
82 0.681891 -0.700455
83 -0.700455 0.704175
84 0.704175 -0.715644
85 -0.715644 0.750987
86 0.750987 -0.750316
87 -0.750316 0.725833
88 0.725833 -0.75402
89 -0.75402 0.764453
90 0.764453 -0.763765
91 -0.763765 0.731879
92 0.731879 -0.744747
93 -0.744747 0.736596
94 0.736596 -0.740706
95 -0.740706 0.72874
96 0.72874 -0.718888
97 -0.718888 0.654712
98 0.654712 -0.569295
99 -0.569295 0.552646
100 0.552646 -0.445458
101 -0.445458 0.510685
102 0.510685 -0.436785
103 -0.436785 0.304997
104 0.304997 -0.415485
105 -0.415485 0.470448
106 0.470448 -0.457836
107 -0.457836 0.491883
108 0.491883 -0.484921
109 -0.484921 0.459894
110 0.459894 -0.453871
111 -0.453871 0.439846
112 0.439846 -0.393448
113 -0.393448 0.38865
114 0.38865 -0.449984
115 -0.449984 0.465851
116 0.465851 -0.464812
117 -0.464812 0.459165
118 0.459165 -0.448115
119 -0.448115 0.431811
120 0.431811 -0.399234
121 -0.399234 0.394075
122 0.394075 -0.409407
123 -0.409407 0.403784
124 0.403784 -0.39959
125 -0.39959 0.392602
126 0.392602 -0.411788
127 -0.411788 0.464303
128 0.464303 -0.393878
129 -0.393878 0.44955
130 0.44955 -0.531903
131 -0.531903 0.591001
132 0.591001 -0.600188
133 -0.600188 0.624093
134 0.624093 -0.629554
135 -0.629554 0.587513
136 0.587513 -0.543752
137 -0.543752 0.60669
138 0.60669 -0.605877
139 -0.605877 0.592716
140 0.592716 -0.580122
141 -0.580122 0.639663
142 0.639663 -0.605066
143 -0.605066 0.665048
144 0.665048 -0.614129
145 -0.614129 0.653846
146 0.653846 -0.62005
147 -0.62005 0.68707
148 0.68707 -0.70473
149 -0.70473 0.637518
150 0.637518 -0.649599
151 -0.649599 0.664996
152 0.664996 -0.676569
153 -0.676569 0.660719
154 0.660719 -0.605779
155 -0.605779 0.534186
156 0.534186 -0.529784
157 -0.529784 0.551303
158 0.551303 -0.462087
159 -0.462087 0.319302
160 0.319302 -0.259306
161 -0.259306 0.344404
162 0.344404 -0.243058
163 -0.243058 0.10664
164 0.10664 -0.137823
165 -0.137823 0.0262686
166 0.0262686 0.00818537
167 0.00818537 -0.0244055
168 -0.0244055 0.0463456
169 0.0463456 -0.0152364
170 -0.0152364 -0.0613033
171 -0.0613033 -0.0559587
172 -0.0559587 0.0234341
173 0.0234341 -0.086429
174 -0.086429 0.121544
175 0.121544 -0.00957915
176 -0.00957915 0.0888706
177 0.0888706 0.0209416
178 0.0209416 0.0256226
179 0.0256226 0.00457688
180 0.00457688 -0.00917808
181 -0.00917808 0.0469274
182 0.0469274 0.00923451
183 0.00923451 0.0313737
184 0.0313737 -0.116594
185 -0.116594 0.0844596
186 0.0844596 0.0399629
187 0.0399629 -0.11425
188 -0.11425 0.0646807
189 0.0646807 -0.0132681
190 -0.0132681 0.121046
191 0.121046 -0.219093
192 -0.219093 0.185395
193 0.185395 -0.125383
194 -0.125383 0.149864
195 0.149864 -0.173841
196 -0.173841 0.136223
197 0.136223 -0.053033
198 -0.053033 0.0266366
199 0.0266366 -0.0859724
200 -0.0859724 0.075018
201 0.075018 -0.075018
202 -0.075018 0.0487174
203 0.0487174 -0.0432131
204 -0.0432131 0.0412428
205 0.0412428 -0.0593872
206 -0.0593872 0.0386332
207 0.0386332 -0.0353616
208 -0.0353616 0.0239253
209 0.0239253 -0.0319504
210 -0.0319504 0.0259513
211 0.0259513 -0.0134266
212 -0.0134266 0.00958544
213 0.00958544 -0.00133801
214 -0.00133801 -0.0066937
215 -0.0066937 0.0480558
216 0.0480558 -0.0710603
217 -0.0710603 0.0911044
218 0.0911044 -0.115243
219 -0.115243 0.164946
220 0.164946 -0.143757
221 -0.143757 0.138316
222 0.138316 -0.149887
223 -0.149887 0.128265
224 0.128265 -0.151916
225 -0.151916 0.168408
226 0.168408 -0.170098
227 -0.170098 0.176121
228 0.176121 -0.155799
229 -0.155799 0.126127
230 0.126127 -0.130271
231 -0.130271 0.115807
232 0.115807 -0.0878764
233 -0.0878764 0.0629039
234 0.0629039 -0.0285077
235 -0.0285077 0.0588314
236 0.0588314 -0.0313752
237 -0.0313752 0.0430015
238 0.0430015 -0.0414272
239 -0.0414272 0.0375984
240 0.0375984 -0.00768031
241 -0.00768031 -0.0125664
242 -0.0125664 0.000835158
243 0.000835158 0.0101847
244 0.0101847 0.0140723
245 0.0140723 -0.0247739
246 -0.0247739 0.0501371
247 0.0501371 -0.0435795
248 -0.0435795 0.0489157
249 0.0489157 -0.055789
250 -0.055789 0.0560818
251 0.0560818 -0.0578451
252 -0.0578451 0.0620292
253 0.0620292 -0.0541405
254 -0.0541405 0.0600605
255 0.0600605 -0.0529812
256 -0.0529812 0.0441508
257 0.0441508 -0.0702514
258 -0.0702514 0.0290946
259 0.0290946 -0.0228288
260 -0.0228288 0.0131779
261 0.0131779 0.00348041
262 0.00348041 -0.0250678
263 -0.0250678 0.0137045
264 0.0137045 -0.0463212
265 -0.0463212 0.0212583
266 0.0212583 0.015416
267 0.015416 -0.0556991
268 -0.0556991 0.0519128
269 0.0519128 0.00373652
270 0.00373652 -0.00820691
271 -0.00820691 -0.0594347
272 -0.0594347 0.0142608
273 0.0142608 -0.0265321
274 -0.0265321 0.070099
275 0.070099 0.0189125
276 0.0189125 -0.0722145
277 -0.0722145 0.0151946
278 0.0151946 0.00984537
279 0.00984537 -0.0302488
280 -0.0302488 0.0596146
281 0.0596146 -0.0566134
282 -0.0566134 0.0346218
283 0.0346218 -0.0638211
284 -0.0638211 0.0729644
285 0.0729644 -0.028114
286 -0.028114 0.0239618
287 0.0239618 -0.00228578
288 -0.00228578 0.0171839
289 0.0171839 0.0415919
290 0.0415919 -0.112778
291 -0.112778 0.087939
292 0.087939 -0.0804312
293 -0.0804312 0.0665203
294 0.0665203 -0.127648
295 -0.127648 0.127648
296 0.127648 -0.135775
297 -0.135775 0.146741
298 0.146741 -0.1329
299 -0.1329 0.0672264
300 0.0672264 0.00518073
301 0.00518073 -0.0297462
302 -0.0297462 0.0619534
303 0.0619534 -0.00468344
304 -0.00468344 -0.0311357
305 -0.0311357 0.0481026
306 0.0481026 -0.0724625
307 -0.0724625 -0.00856682
308 -0.00856682 0.0926315
309 0.0926315 -0.0644553
310 -0.0644553 0.115139
311 0.115139 -0.120568
312 -0.120568 0.183237
313 0.183237 -0.111549
314 -0.111549 0.0923551
315 0.0923551 -0.104168
316 -0.104168 0.0392378
317 0.0392378 0.0242727
318 0.0242727 0.0366827
319 0.0366827 -0.0100145
320 -0.0100145 0.0247839
321 0.0247839 -0.0356647
322 -0.0356647 0.035114
323 0.035114 -0.0573365
324 -0.0573365 0.0373986
325 0.0373986 -0.0449369
326 -0.0449369 0.0486584
327 0.0486584 -0.0461148
328 -0.0461148 0.0427208
329 0.0427208 -0.0425456
330 -0.0425456 0.0431841
331 0.0431841 -0.0434037
332 -0.0434037 0.0348656
333 0.0348656 -0.0328802
334 -0.0328802 0.0402266
335 0.0402266 -0.0202964
336 -0.0202964 0.0421927
337 0.0421927 -0.0824716
338 -0.0824716 0.138351
339 0.138351 -0.129238
340 -0.129238 0.166781
341 0.166781 -0.164093
342 -0.164093 0.0770402
343 0.0770402 -0.13721
344 -0.13721 0.124728
345 0.124728 -0.0375096
346 -0.0375096 0.117892
347 0.117892 -0.171013
348 -0.171013 0.206996
349 0.206996 -0.172055
350 -0.172055 0.231815
351 0.231815 -0.249536
352 -0.249536 0.303029
353 0.303029 -0.266332
354 -0.266332 0.244657
355 0.244657 -0.248435
356 -0.248435 0.187447
357 0.187447 -0.152164
358 -0.152164 0.162119
359 0.162119 -0.163942
360 -0.163942 0.226924
361 0.226924 -0.161474
362 -0.161474 0.251612
363 0.251612 -0.257262
364 -0.257262 0.305036
365 0.305036 -0.322156
366 -0.322156 0.356361
367 0.356361 -0.32248
368 -0.32248 0.328787
369 0.328787 -0.282634
370 -0.282634 0.296293
371 0.296293 -0.244234
372 -0.244234 0.303417
373 0.303417 -0.312024
374 -0.312024 0.260272
375 0.260272 -0.178527
376 -0.178527 0.0976625
377 0.0976625 -0.146402
378 -0.146402 0.0606615
379 0.0606615 -0.00617919
380 -0.00617919 0.00244279
381 0.00244279 0.0232539
382 0.0232539 0.0264594
383 0.0264594 -0.0152228
384 -0.0152228 0.0268341
385 0.0268341 0.0138734
386 0.0138734 0.0225925
387 0.0225925 -0.0406511
388 -0.0406511 0.00556296
389 0.00556296 -0.0584836
390 -0.0584836 0.0616433
391 0.0616433 0.00506685
392 0.00506685 -0.00648376
393 -0.00648376 0.0156442
394 0.0156442 -0.0265803
395 -0.0265803 0.0258641
396 0.0258641 -0.0480091
397 -0.0480091 0.0670015
398 0.0670015 -0.0408193
399 -0.0408193 0.0423959
400 0.0423959 -0.0417584
401 -0.0417584 0.044655
402 0.044655 -0.0386296
403 -0.0386296 0.0440162
404 0.0440162 -0.0603014
405 -0.0603014 0.0591136
406 0.0591136 -0.0603844
407 -0.0603844 0.0506421
408 0.0506421 -0.040135
409 -0.040135 0.0358498
410 0.0358498 -0.0325313
411 -0.0325313 0.0286317
412 0.0286317 -0.00692952
413 -0.00692952 0.00493944
414 0.00493944 -0.0234383
415 -0.0234383 0.0472821
416 0.0472821 -0.0893957
417 -0.0893957 0.0480231
418 0.0480231 -0.101586
419 -0.101586 0.0680591
420 0.0680591 -0.14788
421 -0.14788 0.202413
422 0.202413 -0.214123
423 -0.214123 0.239305
424 0.239305 -0.23662
425 -0.23662 0.245205
426 0.245205 -0.244199
427 -0.244199 0.248368
428 0.248368 -0.23181
429 -0.23181 0.221152
430 0.221152 -0.231405
431 -0.231405 0.239801
432 0.239801 -0.228301
433 -0.228301 0.236008
434 0.236008 -0.23612
435 -0.23612 0.22943
436 0.22943 -0.217181
437 -0.217181 0.176411
438 0.176411 -0.212979
439 -0.212979 0.181739
440 0.181739 -0.204429
441 -0.204429 0.190643
442 0.190643 -0.191352
443 -0.191352 0.157751
444 0.157751 -0.10403
445 -0.10403 0.173219
446 0.173219 -0.162455
447 -0.162455 0.137913
448 0.137913 -0.190514
449 -0.190514 0.158191
450 0.158191 -0.208385
451 -0.208385 0.201042
452 0.201042 -0.223833
453 -0.223833 0.18547
454 0.18547 -0.148448
455 -0.148448 0.150154
456 0.150154 -0.21026
457 -0.21026 0.262698
458 0.262698 -0.283163
459 -0.283163 0.290211
460 0.290211 -0.332323
461 -0.332323 0.310635
462 0.310635 -0.275226
463 -0.275226 0.31194
464 0.31194 -0.286434
465 -0.286434 0.333995
466 0.333995 -0.304959
467 -0.304959 0.30774
468 0.30774 -0.3167
469 -0.3167 0.364887
470 0.364887 -0.330875
471 -0.330875 0.339367
472 0.339367 -0.359426
473 -0.359426 0.371227
474 0.371227 -0.353598
475 -0.353598 0.314283
476 0.314283 -0.334491
477 -0.334491 0.284857
478 0.284857 -0.242512
479 -0.242512 0.165261
480 0.165261 -0.161169
481 -0.161169 0.109107
482 0.109107 -0.0927147
483 -0.0927147 0.101519
484 0.101519 -0.136704
485 -0.136704 0.177352
486 0.177352 -0.188445
487 -0.188445 0.208485
488 0.208485 -0.178749
489 -0.178749 0.18938
490 0.18938 -0.195597
491 -0.195597 0.177238
492 0.177238 -0.161823
493 -0.161823 0.179093
494 0.179093 -0.175045
495 -0.175045 0.193003
496 0.193003 -0.198992
497 -0.198992 0.187271
498 0.187271 -0.179352
499 -0.179352 0.151778
500 0.151778 -0.177064
501 -0.177064 0.207569
502 0.207569 -0.243311
503 -0.243311 0.220491
504 0.220491 -0.201586
505 -0.201586 0.201328
506 0.201328 -0.21741
507 -0.21741 0.19671
508 0.19671 -0.18875
509 -0.18875 0.152217
510 0.152217 -0.113406
511 -0.113406 0.140314
512 0.140314 -0.168397
513 -0.168397 0.158167
514 0.158167 -0.172423
515 -0.172423 0.153644
516 0.153644 -0.171261
517 -0.171261 0.184209
518 0.184209 -0.171393
519 -0.171393 0.17529
520 0.17529 -0.186482
521 -0.186482 0.185147
522 0.185147 -0.181083
523 -0.181083 0.179615
524 0.179615 -0.180712
525 -0.180712 0.186484
526 0.186484 -0.186689
527 -0.186689 0.18826
528 0.18826 -0.199692
529 -0.199692 0.201364
530 0.201364 -0.18688
531 -0.18688 0.172932
532 0.172932 -0.17096
533 -0.17096 0.162916
534 0.162916 -0.197526
535 -0.197526 0.152749
536 0.152749 -0.179477
537 -0.179477 0.150907
538 0.150907 -0.100793
539 -0.100793 0.149604
540 0.149604 -0.146608
541 -0.146608 0.114451
542 0.114451 -0.0919429
543 -0.0919429 0.130135
544 0.130135 -0.116307
545 -0.116307 0.123666
546 0.123666 -0.0990964
547 -0.0990964 0.0727673
548 0.0727673 -0.0483454
549 -0.0483454 0.0495946
550 0.0495946 -0.0693116
551 -0.0693116 0.0969446
552 0.0969446 -0.110926
553 -0.110926 0.133787
554 0.133787 -0.159616
555 -0.159616 0.157072
556 0.157072 -0.168372
557 -0.168372 0.169884
558 0.169884 -0.167283
559 -0.167283 0.165654
560 0.165654 -0.166484
561 -0.166484 0.154336
562 0.154336 -0.158511
563 -0.158511 0.170965
564 0.170965 -0.16378
565 -0.16378 0.147243
566 0.147243 -0.152547
567 -0.152547 0.159643
568 0.159643 -0.163694
569 -0.163694 0.150206
570 0.150206 -0.138157
571 -0.138157 0.137203
572 0.137203 -0.141989
573 -0.141989 0.144273
574 0.144273 -0.141462
575 -0.141462 0.143964
576 0.143964 -0.144101
577 -0.144101 0.151052
578 0.151052 -0.146617
579 -0.146617 0.14606
580 0.14606 -0.135841
581 -0.135841 0.113915
582 0.113915 -0.123643
583 -0.123643 0.118505
584 0.118505 -0.12844
585 -0.12844 0.128212
586 0.128212 -0.124453
587 -0.124453 0.136275
588 0.136275 -0.111986
589 -0.111986 0.152822
590 0.152822 -0.132522
591 -0.132522 0.103556
592 0.103556 -0.0505947
593 -0.0505947 0.0650634
594 0.0650634 -0.0630629
595 -0.0630629 0.0744849
596 0.0744849 -0.0671453
597 -0.0671453 0.0234532
598 0.0234532 -0.0275494
599 -0.0275494 0.0535421
600 0.0535421 -0.0185973
601 -0.0185973 -0.00668173
602 -0.00668173 -0.0156326
603 -0.0156326 0.0500875
604 0.0500875 -0.0848606
605 -0.0848606 0.0825868
606 0.0825868 -0.107681
607 -0.107681 0.13298
608 0.13298 -0.0804909
609 -0.0804909 0.0751626
610 0.0751626 -0.076136
611 -0.076136 0.0538524
612 0.0538524 -0.0181592
613 -0.0181592 0.0383922
614 0.0383922 -0.00204779
615 -0.00204779 0.0500093
616 0.0500093 -0.0907942
617 -0.0907942 0.119032
618 0.119032 -0.102915
619 -0.102915 0.0483312
620 0.0483312 -0.00860297
621 -0.00860297 0.0650989
622 0.0650989 -0.0989234
623 -0.0989234 0.138614
624 0.138614 -0.101428
625 -0.101428 0.0457412
626 0.0457412 -0.110596
627 -0.110596 0.173534
628 0.173534 -0.19719
629 -0.19719 0.222919
630 0.222919 -0.200866
631 -0.200866 0.215402
632 0.215402 -0.216096
633 -0.216096 0.187785
634 0.187785 -0.187269
635 -0.187269 0.226185
636 0.226185 -0.219714
637 -0.219714 0.235234
638 0.235234 -0.238456
639 -0.238456 0.193688
640 0.193688 -0.243706
641 -0.243706 0.269996
642 0.269996 -0.262405
643 -0.262405 0.234149
644 0.234149 -0.207779
645 -0.207779 0.235868
646 0.235868 -0.244135
647 -0.244135 0.237075
648 0.237075 -0.237411
649 -0.237411 0.20744
650 0.20744 -0.18632
651 -0.18632 0.186737
652 0.186737 -0.171435
653 -0.171435 0.179424
654 0.179424 -0.171658
655 -0.171658 0.20282
656 0.20282 -0.202284
657 -0.202284 0.203372
658 0.203372 -0.199527
659 -0.199527 0.207649
660 0.207649 -0.232314
661 -0.232314 0.229639
662 0.229639 -0.222696
663 -0.222696 0.200393
664 0.200393 -0.223681
665 -0.223681 0.208318
666 0.208318 -0.20278
667 -0.20278 0.213433
668 0.213433 -0.207722
669 -0.207722 0.19008
670 0.19008 -0.187346
671 -0.187346 0.192317
672 0.192317 -0.19865
673 -0.19865 0.204008
674 0.204008 -0.226484
675 -0.226484 0.246831
676 0.246831 -0.240182
677 -0.240182 0.246357
678 0.246357 -0.253645
679 -0.253645 0.257599
680 0.257599 -0.26969
681 -0.26969 0.272597
682 0.272597 -0.263717
683 -0.263717 0.261027
684 0.261027 -0.262966
685 -0.262966 0.271726
686 0.271726 -0.262175
687 -0.262175 0.246111
688 0.246111 -0.258419
689 -0.258419 0.250893
690 0.250893 -0.250893
691 -0.250893 0.265335
692 0.265335 -0.247734
693 -0.247734 0.231955
694 0.231955 -0.251337
695 -0.251337 0.258575
696 0.258575 -0.263085
697 -0.263085 0.268114
698 0.268114 -0.269866
699 -0.269866 0.266968
700 0.266968 -0.271212
701 -0.271212 0.269327
702 0.269327 -0.268145
703 -0.268145 0.266058
704 0.266058 -0.264043
705 -0.264043 0.266467
706 0.266467 -0.264605
707 -0.264605 0.274916
708 0.274916 -0.224753
709 -0.224753 0.179346
710 0.179346 -0.122452
711 -0.122452 0.0936451
712 0.0936451 -0.0625775
713 -0.0625775 0.104017
714 0.104017 -0.0907631
715 -0.0907631 0.0801522
716 0.0801522 -0.034068
717 -0.034068 -0.00113033
718 -0.00113033 -0.00577687
719 -0.00577687 -0.0104372
720 -0.0104372 0.0188371
721 0.0188371 -0.0515488
722 -0.0515488 0.0799506
723 0.0799506 -0.0931407
724 -0.0931407 0.111649
725 0.111649 -0.11217
726 -0.11217 0.143393
727 0.143393 -0.175885
728 -0.175885 0.206613
729 0.206613 -0.214499
730 -0.214499 0.208182
731 0.208182 -0.187492
732 -0.187492 0.222484
733 0.222484 -0.188907
734 -0.188907 0.145236
735 0.145236 -0.0953116
736 -0.0953116 0.0993691
737 0.0993691 -0.122365
738 -0.122365 0.144513
739 0.144513 -0.120908
740 -0.120908 0.0758855
741 0.0758855 -0.0500386
742 -0.0500386 0.00120823
743 0.00120823 0.043832
744 0.043832 -0.0109344
745 -0.0109344 -0.00461529
746 -0.00461529 0.0169513
747 0.0169513 -0.00359369
748 -0.00359369 0.0100522
749 0.0100522 -0.00581521
750 -0.00581521 0.0129342
751 0.0129342 -0.00285693
752 -0.00285693 -0.00776021
753 -0.00776021 -0.00317355
754 -0.00317355 -0.00589668
755 -0.00589668 0.0171715
756 0.0171715 -0.0103481
757 -0.0103481 0.00133037
758 0.00133037 0.0168627
759 0.0168627 -0.0296784
760 -0.0296784 0.0237408
761 0.0237408 -0.0279014
762 -0.0279014 0.0463073
763 0.0463073 -0.0456663
764 -0.0456663 0.0400924
765 0.0400924 -0.0547363
766 -0.0547363 0.0646546
767 0.0646546 -0.0755476
768 -0.0755476 0.066062
769 0.066062 -0.0372916
770 -0.0372916 0.0311036
771 0.0311036 -0.0423853
772 -0.0423853 0.0411407
773 0.0411407 -0.0656947
774 -0.0656947 0.0686058
775 0.0686058 -0.0795864
776 -0.0795864 0.10373
777 0.10373 -0.0715844
778 -0.0715844 0.0628586
779 0.0628586 -0.0506668
780 -0.0506668 0.0476486
781 0.0476486 -0.0279595
782 -0.0279595 0.0160335
783 0.0160335 -0.0184765
784 -0.0184765 0.0156088
785 0.0156088 -0.0170291
786 -0.0170291 0.0167787
787 0.0167787 -0.0163128
788 -0.0163128 0.0167937
789 0.0167937 -0.0167149
790 -0.0167149 0.0152025
791 0.0152025 -0.012496
792 -0.012496 0.0120458
793 0.0120458 -0.011179
794 -0.011179 0.0108616
795 0.0108616 -0.0127136
796 -0.0127136 0.00913334
797 0.00913334 -0.00870965
798 -0.00870965 0.0114711
799 0.0114711 -0.00807463
800 -0.00807463 0.00582521
801 0.00582521 -0.00455761
802 -0.00455761 0.00766427
803 0.00766427 -0.00708977
804 -0.00708977 0.00774579
805 0.00774579 -0.0158947
806 -0.0158947 0.0150882
807 0.0150882 -0.0144819
808 -0.0144819 0.00870864
809 0.00870864 -0.00630078
810 -0.00630078 0.00420902
811 0.00420902 -0.00584545
812 -0.00584545 0.0183077
813 0.0183077 -0.0146254
814 -0.0146254 0.0109414
815 0.0109414 -0.0173662
816 -0.0173662 0.0180552
817 0.0180552 -0.013055
818 -0.013055 0.0105858
819 0.0105858 -0.00124732
820 -0.00124732 -0.0141586
821 -0.0141586 0.0121405
822 0.0121405 0.00583756
823 0.00583756 -0.0126033
824 -0.0126033 0.0265351
825 0.0265351 -0.0131255
826 -0.0131255 0.00440908
827 0.00440908 0.00945323
828 0.00945323 -0.0134567
829 -0.0134567 0.0215145
830 0.0215145 -0.0203
831 -0.0203 0.0203
832 0.0203 -0.0330676
833 -0.0330676 0.0500906
834 0.0500906 -0.0427569
835 -0.0427569 0.0394565
836 0.0394565 -0.0307047
837 -0.0307047 0.0345761
838 0.0345761 -0.0342654
839 -0.0342654 0.029514
840 0.029514 -0.0249505
841 -0.0249505 0.0294448
842 0.0294448 -0.0511321
843 -0.0511321 0.0392611
844 0.0392611 -0.0175616
845 -0.0175616 -0.0077936
846 -0.0077936 0.00315869
847 0.00315869 -0.0246945
848 -0.0246945 0.0325087
849 0.0325087 -0.0376505
850 -0.0376505 0.021561
851 0.021561 0.00102215
852 0.00102215 0.0154253
853 0.0154253 -0.00811998
854 -0.00811998 -0.00795969
855 -0.00795969 -0.0110288
856 -0.0110288 0.0118842
857 0.0118842 -0.00591982
858 -0.00591982 -0.00482151
859 -0.00482151 0.00667386
860 0.00667386 -0.0138865
861 -0.0138865 0.00894303
862 0.00894303 -0.00272531
863 -0.00272531 0.0121964
864 0.0121964 -0.0135667
865 -0.0135667 0.0202088
866 0.0202088 -0.0135483
867 -0.0135483 0.0277685
868 0.0277685 -0.0393659
869 -0.0393659 0.0413202
870 0.0413202 -0.04852
871 -0.04852 0.0511655
872 0.0511655 -0.0491533
873 -0.0491533 0.0493243
874 0.0493243 -0.0465905
875 -0.0465905 0.0504594
876 0.0504594 -0.0592932
877 -0.0592932 0.0504347
878 0.0504347 -0.0671238
879 -0.0671238 0.071546
880 0.071546 -0.0641783
881 -0.0641783 0.0666557
882 0.0666557 -0.0873545
883 -0.0873545 0.0960172
884 0.0960172 -0.0998141
885 -0.0998141 0.09845
886 0.09845 -0.0938481
887 -0.0938481 0.0894229
888 0.0894229 -0.0906434
889 -0.0906434 0.0943836
890 0.0943836 -0.0960104
891 -0.0960104 0.0960694
892 0.0960694 -0.0991422
893 -0.0991422 0.0858243
894 0.0858243 -0.0869407
895 -0.0869407 0.0861614
896 0.0861614 -0.0807686
897 -0.0807686 0.0803955
898 0.0803955 -0.069745
899 -0.069745 0.06915
900 0.06915 -0.0757698
901 -0.0757698 0.0773142
902 0.0773142 -0.082993
903 -0.082993 0.089913
904 0.089913 -0.0895595
905 -0.0895595 0.0881236
906 0.0881236 -0.0947107
907 -0.0947107 0.0865388
908 0.0865388 -0.0887109
909 -0.0887109 0.10625
910 0.10625 -0.103241
911 -0.103241 0.101466
912 0.101466 -0.0878258
913 -0.0878258 0.0978088
914 0.0978088 -0.109103
915 -0.109103 0.105549
916 0.105549 -0.0798339
917 -0.0798339 0.0680454
918 0.0680454 -0.0430451
919 -0.0430451 0.0570374
920 0.0570374 -0.055051
921 -0.055051 0.0619094
922 0.0619094 -0.0750876
923 -0.0750876 0.0677552
924 0.0677552 -0.0650584
925 -0.0650584 0.0789934
926 0.0789934 -0.0757873
927 -0.0757873 0.0540891
928 0.0540891 -0.0724017
929 -0.0724017 0.0889123
930 0.0889123 -0.0820336
931 -0.0820336 0.0816074
932 0.0816074 -0.0783086
933 -0.0783086 0.0677359
934 0.0677359 -0.0689259
935 -0.0689259 0.0809546
936 0.0809546 -0.0690471
937 -0.0690471 0.0545432
938 0.0545432 -0.0475873
939 -0.0475873 0.0477062
940 0.0477062 -0.047744
941 -0.047744 0.051532
942 0.051532 -0.0506726
943 -0.0506726 0.0497118
944 0.0497118 -0.0466022
945 -0.0466022 0.0469137
946 0.0469137 -0.0469137
947 -0.0469137 0.0439839
948 0.0439839 -0.0473984
949 -0.0473984 0.0600853
950 0.0600853 -0.0653915
951 -0.0653915 0.0723999
952 0.0723999 -0.0804291
953 -0.0804291 0.0844817
954 0.0844817 -0.0945406
955 -0.0945406 0.094177
956 0.094177 -0.0884885
957 -0.0884885 0.086763
958 0.086763 -0.10121
959 -0.10121 0.0764742
960 0.0764742 -0.0662875
961 -0.0662875 0.0598429
962 0.0598429 -0.0310595
963 -0.0310595 0.00403397
964 0.00403397 -0.0340078
965 -0.0340078 0.0308097
966 0.0308097 -0.0421111
967 -0.0421111 -0.00777247
968 -0.00777247 -0.032357
969 -0.032357 0.0507587
970 0.0507587 -0.031962
971 -0.031962 -0.00987025
972 -0.00987025 -0.00163321
973 -0.00163321 0.0349113
974 0.0349113 -0.0620087
975 -0.0620087 0.058896
976 0.058896 -0.0788953
977 -0.0788953 0.113984
978 0.113984 -0.118982
979 -0.118982 0.115885
980 0.115885 -0.0959417
981 -0.0959417 0.0806162
982 0.0806162 -0.0716297
983 -0.0716297 0.0540144
984 0.0540144 -0.052551
985 -0.052551 0.0542853
986 0.0542853 -0.08411
987 -0.08411 0.0904134
988 0.0904134 -0.0735282
989 -0.0735282 0.0762561
990 0.0762561 -0.0951059
991 -0.0951059 0.0721713
992 0.0721713 -0.0761223
993 -0.0761223 0.0459079
994 0.0459079 -0.0823115
995 -0.0823115 0.0663014
996 0.0663014 -0.0633062
997 -0.0633062 0.0326764
998 0.0326764 0.000142902
999 0.000142902 -0.022635
1000 -0.022635 -0.00542731
1001 -0.00542731 -0.017416
1002 -0.017416 -0.00147124
1003 -0.00147124 -0.0220887
1004 -0.0220887 0.0356702
1005 0.0356702 -0.0456352
1006 -0.0456352 0.0179646
1007 0.0179646 -0.0336546
1008 -0.0336546 0.0456243
1009 0.0456243 -0.0535446
1010 -0.0535446 0.0604152
1011 0.0604152 -0.0591929
1012 -0.0591929 0.0703431
1013 0.0703431 -0.0782654
1014 -0.0782654 0.0638073
1015 0.0638073 -0.0694025
1016 -0.0694025 0.0611822
1017 0.0611822 -0.0685014
1018 -0.0685014 0.0606222
1019 0.0606222 -0.0606222
1020 -0.0606222 0.0556248
1021 0.0556248 -0.0498893
1022 -0.0498893 0.0396647
1023 0.0396647 -0.0295724
1024 -0.0295724 0.0405501
1025 0.0405501 -0.0512962
1026 -0.0512962 0.0462199
1027 0.0462199 -0.0289087
1028 -0.0289087 0.0411899
1029 0.0411899 -0.0392052
1030 -0.0392052 0.0287494
1031 0.0287494 -0.0361633
1032 -0.0361633 0.0324701
1033 0.0324701 -0.0411004
1034 -0.0411004 0.0520485
1035 0.0520485 -0.0558768
1036 -0.0558768 0.0629001
1037 0.0629001 -0.060068
1038 -0.060068 0.0596542
1039 0.0596542 -0.0587695
1040 -0.0587695 0.0598618
1041 0.0598618 -0.0633552
1042 -0.0633552 0.0561309
1043 0.0561309 -0.0573356
1044 -0.0573356 0.050965
1045 0.050965 -0.0433019
1046 -0.0433019 0.0330522
1047 0.0330522 -0.0300821
1048 -0.0300821 0.0276042
1049 0.0276042 -0.0156912
1050 -0.0156912 0.0115072
1051 0.0115072 -0.00783083
1052 -0.00783083 0.0156333
1053 0.0156333 -0.0193995
1054 -0.0193995 0.0176926
1055 0.0176926 -0.0244198
1056 -0.0244198 0.0283189
1057 0.0283189 -0.0259959
1058 -0.0259959 0.0329547
1059 0.0329547 -0.0271395
1060 -0.0271395 0.0258976
1061 0.0258976 -0.0240886
1062 -0.0240886 0.0287866
1063 0.0287866 -0.0300308
1064 -0.0300308 0.0333514
1065 0.0333514 -0.0329026
1066 -0.0329026 0.0348999
1067 0.0348999 -0.0343222
1068 -0.0343222 0.0344136
1069 0.0344136 -0.0345687
1070 -0.0345687 0.0346766
1071 0.0346766 -0.0336154
1072 -0.0336154 0.0335631
1073 0.0335631 -0.0345828
1074 -0.0345828 0.0354479
1075 0.0354479 -0.0345908
1076 -0.0345908 0.0344712
1077 0.0344712 -0.0321336
1078 -0.0321336 0.0320586
1079 0.0320586 -0.0324552
1080 -0.0324552 0.028313
1081 0.028313 -0.0281245
1082 -0.0281245 0.0285743
1083 0.0285743 -0.0255928
1084 -0.0255928 0.0305013
1085 0.0305013 -0.0361973
1086 -0.0361973 0.0370823
1087 0.0370823 -0.0370431
1088 -0.0370431 0.0402709
1089 0.0402709 -0.0431919
1090 -0.0431919 0.040614
1091 0.040614 -0.0433002
1092 -0.0433002 0.0402915
1093 0.0402915 -0.0376191
1094 -0.0376191 0.0391417
1095 0.0391417 -0.0374242
1096 -0.0374242 0.0381906
1097 0.0381906 -0.0381275
1098 -0.0381275 0.0370407
1099 0.0370407 -0.0367426
1100 -0.0367426 0.0334108
1101 0.0334108 -0.0332336
1102 -0.0332336 0.0357255
1103 0.0357255 -0.0363907
1104 -0.0363907 0.0370073
1105 0.0370073 -0.0367471
1106 -0.0367471 0.0366126
1107 0.0366126 -0.0358174
1108 -0.0358174 0.0377535
1109 0.0377535 -0.0365436
1110 -0.0365436 0.0386494
1111 0.0386494 -0.039087
1112 -0.039087 0.0387162
1113 0.0387162 -0.0421723
1114 -0.0421723 0.0337411
1115 0.0337411 -0.0323097
1116 -0.0323097 0.0461008
1117 0.0461008 -0.0465929
1118 -0.0465929 0.0344237
1119 0.0344237 -0.035615
1120 -0.035615 0.0445458
1121 0.0445458 -0.0549819
1122 -0.0549819 0.0628095
1123 0.0628095 -0.063083
1124 -0.063083 0.0586333
1125 0.0586333 -0.0553339
1126 -0.0553339 0.0555731
1127 0.0555731 -0.0542871
1128 -0.0542871 0.0548248
1129 0.0548248 -0.0573194
1130 -0.0573194 0.0575228
1131 0.0575228 -0.0582706
1132 -0.0582706 0.0615756
1133 0.0615756 -0.0604063
1134 -0.0604063 0.0608565
1135 0.0608565 -0.0580433
1136 -0.0580433 0.0572206
1137 0.0572206 -0.0608228
1138 -0.0608228 0.0579491
1139 0.0579491 -0.0603491
1140 -0.0603491 0.0587664
1141 0.0587664 -0.0580038
1142 -0.0580038 0.0581798
1143 0.0581798 -0.0550846
1144 -0.0550846 0.0553486
1145 0.0553486 -0.0519539
1146 -0.0519539 0.0521694
1147 0.0521694 -0.0515782
1148 -0.0515782 0.0516701
1149 0.0516701 -0.0524564
1150 -0.0524564 0.0526769
1151 0.0526769 -0.0538341
1152 -0.0538341 0.0526312
1153 0.0526312 -0.0541583
1154 -0.0541583 0.059853
1155 0.059853 -0.0921886
1156 -0.0921886 0.0915863
1157 0.0915863 -0.0886091
1158 -0.0886091 0.0695575
1159 0.0695575 -0.0652104
1160 -0.0652104 0.0658158
1161 0.0658158 -0.0441786
1162 -0.0441786 0.0541735
1163 0.0541735 -0.0615184
1164 -0.0615184 0.0628824
1165 0.0628824 -0.0589235
1166 -0.0589235 0.0587669
1167 0.0587669 -0.055421
1168 -0.055421 0.055539
1169 0.055539 -0.0565217
1170 -0.0565217 0.0673144
1171 0.0673144 -0.0666445
1172 -0.0666445 0.0523559
1173 0.0523559 -0.0474532
1174 -0.0474532 0.0669768
1175 0.0669768 -0.0594759
1176 -0.0594759 0.0497026
1177 0.0497026 -0.052569
1178 -0.052569 0.0420521
1179 0.0420521 -0.0233546
1180 -0.0233546 0.0480006
1181 0.0480006 -0.0394325
1182 -0.0394325 0.0366111
1183 0.0366111 -0.0339387
1184 -0.0339387 0.0131328
1185 0.0131328 -0.0139107
1186 -0.0139107 0.017596
1187 0.017596 -0.0168879
1188 -0.0168879 0.0170277
1189 0.0170277 -0.00899543
1190 -0.00899543 0.0130681
1191 0.0130681 -0.0123771
1192 -0.0123771 0.00696826
1193 0.00696826 -0.0156491
1194 -0.0156491 0.0188946
1195 0.0188946 -0.020415
1196 -0.020415 0.0234159
1197 0.0234159 -0.0281828
1198 -0.0281828 0.0304925
1199 0.0304925 -0.0313257
1200 -0.0313257 0.0256531
1201 0.0256531 -0.0362893
1202 -0.0362893 0.046294
1203 0.046294 -0.0404912
1204 -0.0404912 0.0359113
1205 0.0359113 -0.0469008
1206 -0.0469008 0.043287
1207 0.043287 -0.0359583
1208 -0.0359583 0.0277964
1209 0.0277964 -0.00571119
1210 -0.00571119 -0.00483737
1211 -0.00483737 0.0202961
1212 0.0202961 -0.0358543
1213 -0.0358543 0.0442216
1214 0.0442216 -0.0391631
1215 -0.0391631 0.0406909
1216 0.0406909 -0.0406818
1217 -0.0406818 0.0419102
1218 0.0419102 -0.0472148
1219 -0.0472148 0.041163
1220 0.041163 -0.0439658
1221 -0.0439658 0.0401345
1222 0.0401345 -0.0255883
1223 -0.0255883 0.0406651
1224 0.0406651 -0.0385802
1225 -0.0385802 0.040262
1226 0.040262 -0.0322376
1227 -0.0322376 0.0276564
1228 0.0276564 -0.0109571
1229 -0.0109571 0.0165207
1230 0.0165207 -0.0166827
1231 -0.0166827 0.0250296
1232 0.0250296 -0.0175677
1233 -0.0175677 0.0128417
1234 0.0128417 -0.00626132
1235 -0.00626132 0.000558183
1236 0.000558183 -0.00254522
1237 -0.00254522 0.00292208
1238 0.00292208 -0.00584734
1239 -0.00584734 0.00565219
1240 0.00565219 -0.0130422
1241 -0.0130422 0.0274394
1242 0.0274394 -0.028334
1243 -0.028334 0.0177724
1244 0.0177724 -0.0163796
1245 -0.0163796 0.00252302
1246 0.00252302 -0.0121462
1247 -0.0121462 0.00968021
1248 0.00968021 -0.0187565
1249 -0.0187565 0.0160674
1250 0.0160674 -0.0230211
1251 -0.0230211 0.0186735
1252 0.0186735 -0.0236502
1253 -0.0236502 0.0207805
1254 0.0207805 -0.0211781
1255 -0.0211781 0.0231244
1256 0.0231244 -0.0249121
1257 -0.0249121 0.0216526
1258 0.0216526 -0.019018
1259 -0.019018 0.0137282
1260 0.0137282 -0.0105016
1261 -0.0105016 0.00935619
1262 0.00935619 -0.0108471
1263 -0.0108471 0.00760853
1264 0.00760853 -0.0123421
1265 -0.0123421 0.0140707
1266 0.0140707 -0.013667
1267 -0.013667 0.016583
1268 0.016583 -0.0204711
1269 -0.0204711 0.0213334
1270 0.0213334 -0.0307285
1271 -0.0307285 0.0344505
1272 0.0344505 -0.0363768
1273 -0.0363768 0.0343993
1274 0.0343993 -0.035326
1275 -0.035326 0.0360317
1276 0.0360317 -0.0372387
1277 -0.0372387 0.0370961
1278 0.0370961 -0.0376456
1279 -0.0376456 0.035286
1280 0.035286 -0.031205
1281 -0.031205 0.0193772
1282 0.0193772 -0.0109909
1283 -0.0109909 0.0136261
1284 0.0136261 -0.0126571
1285 -0.0126571 0.00979806
1286 0.00979806 -0.00896962
1287 -0.00896962 0.00721078
1288 0.00721078 -0.00536399
1289 -0.00536399 0.00623188
1290 0.00623188 -0.00175155
1291 -0.00175155 -0.00399094
1292 -0.00399094 -0.00671744
1293 -0.00671744 -0.00528972
1294 -0.00528972 -0.000659587
1295 -0.000659587 -0.0124669
1296 -0.0124669 0.0136409
1297 0.0136409 -0.0143465
1298 -0.0143465 0.0147962
1299 0.0147962 -0.014594
1300 -0.014594 0.0157453
1301 0.0157453 -0.00874957
1302 -0.00874957 0.00908137
1303 0.00908137 -0.00716662
1304 -0.00716662 0.0149757
1305 0.0149757 -0.0103005
1306 -0.0103005 0.00370465
1307 0.00370465 -0.0147947
1308 -0.0147947 0.0242859
1309 0.0242859 -0.0227401
1310 -0.0227401 0.0218403
1311 0.0218403 -0.0364947
1312 -0.0364947 0.0356462
1313 0.0356462 -0.0677786
1314 -0.0677786 0.0685709
1315 0.0685709 -0.106633
1316 -0.106633 0.122978
1317 0.122978 -0.138114
1318 -0.138114 0.151019
1319 0.151019 -0.155159
1320 -0.155159 0.187936
1321 0.187936 -0.173163
1322 -0.173163 0.169243
1323 0.169243 -0.167431
1324 -0.167431 0.177102
1325 0.177102 -0.171599
1326 -0.171599 0.18608
1327 0.18608 -0.209224
1328 -0.209224 0.219457
1329 0.219457 -0.229634
1330 -0.229634 0.232297
1331 0.232297 -0.231775
1332 -0.231775 0.235007
1333 0.235007 -0.228237
1334 -0.228237 0.231055
1335 0.231055 -0.222921
1336 -0.222921 0.227551
1337 0.227551 -0.233256
1338 -0.233256 0.213796
1339 0.213796 -0.186941
1340 -0.186941 0.188978
1341 0.188978 -0.209701
1342 -0.209701 0.189112
1343 0.189112 -0.169017
1344 -0.169017 0.178315
1345 0.178315 -0.190169
1346 -0.190169 0.217603
1347 0.217603 -0.198675
1348 -0.198675 0.218726
1349 0.218726 -0.242154
1350 -0.242154 0.25294
1351 0.25294 -0.254341
1352 -0.254341 0.249557
1353 0.249557 -0.253118
1354 -0.253118 0.2582
1355 0.2582 -0.253774
1356 -0.253774 0.257714
1357 0.257714 -0.249953
1358 -0.249953 0.251057
1359 0.251057 -0.243071
1360 -0.243071 0.226873
1361 0.226873 -0.240474
1362 -0.240474 0.22302
1363 0.22302 -0.217277
1364 -0.217277 0.200778
1365 0.200778 -0.171719
1366 -0.171719 0.16131
1367 0.16131 -0.18256
1368 -0.18256 0.185878
1369 0.185878 -0.196314
1370 -0.196314 0.208432
1371 0.208432 -0.215614
1372 -0.215614 0.213246
1373 0.213246 -0.220403
1374 -0.220403 0.23372
1375 0.23372 -0.230091
1376 -0.230091 0.231171
1377 0.231171 -0.234248
1378 -0.234248 0.236356
1379 0.236356 -0.236613
1380 -0.236613 0.236406
1381 0.236406 -0.234836
1382 -0.234836 0.234766
1383 0.234766 -0.234298
1384 -0.234298 0.234456
1385 0.234456 -0.237476
1386 -0.237476 0.234684
1387 0.234684 -0.232904
1388 -0.232904 0.235297
1389 0.235297 -0.231818
1390 -0.231818 0.222634
1391 0.222634 -0.224217
1392 -0.224217 0.2384
1393 0.2384 -0.239338
1394 -0.239338 0.236436
1395 0.236436 -0.238046
1396 -0.238046 0.232971
1397 0.232971 -0.235096
1398 -0.235096 0.237763
1399 0.237763 -0.229717
1400 -0.229717 0.226873
1401 0.226873 -0.22454
1402 -0.22454 0.221656
1403 0.221656 -0.21634
1404 -0.21634 0.200833
1405 0.200833 -0.211363
1406 -0.211363 0.208795
1407 0.208795 -0.216236
1408 -0.216236 0.215671
1409 0.215671 -0.217251
1410 -0.217251 0.218782
1411 0.218782 -0.217318
1412 -0.217318 0.218794
1413 0.218794 -0.235313
1414 -0.235313 0.245792
1415 0.245792 -0.233511
1416 -0.233511 0.238081
1417 0.238081 -0.248531
1418 -0.248531 0.24442
1419 0.24442 -0.243574
1420 -0.243574 0.250984
1421 0.250984 -0.261887
1422 -0.261887 0.249154
1423 0.249154 -0.230017
1424 -0.230017 0.249703
1425 0.249703 -0.225245
1426 -0.225245 0.247448
1427 0.247448 -0.258515
1428 -0.258515 0.251783
1429 0.251783 -0.26269
1430 -0.26269 0.251391
1431 0.251391 -0.248324
1432 -0.248324 0.242578
1433 0.242578 -0.245778
1434 -0.245778 0.239865
1435 0.239865 -0.236924
1436 -0.236924 0.238632
1437 0.238632 -0.240735
1438 -0.240735 0.234228
1439 0.234228 -0.233273
1440 -0.233273 0.219147
1441 0.219147 -0.22088
1442 -0.22088 0.235435
1443 0.235435 -0.234385
1444 -0.234385 0.238852
1445 0.238852 -0.258321
1446 -0.258321 0.266941
1447 0.266941 -0.255998
1448 -0.255998 0.249324
1449 0.249324 -0.22204
1450 -0.22204 0.195372
1451 0.195372 -0.242216
1452 -0.242216 0.243082
1453 0.243082 -0.268141
1454 -0.268141 0.290631
1455 0.290631 -0.246933
1456 -0.246933 0.239854
1457 0.239854 -0.194057
1458 -0.194057 0.180729
1459 0.180729 -0.128423
1460 -0.128423 0.120964
1461 0.120964 -0.151085
1462 -0.151085 0.182069
1463 0.182069 -0.238105
1464 -0.238105 0.230712
1465 0.230712 -0.262788
1466 -0.262788 0.251863
1467 0.251863 -0.298835
1468 -0.298835 0.326695
1469 0.326695 -0.314103
1470 -0.314103 0.316647
1471 0.316647 -0.308345
1472 -0.308345 0.322867
1473 0.322867 -0.307136
1474 -0.307136 0.306836
1475 0.306836 -0.307928
1476 -0.307928 0.314817
1477 0.314817 -0.312463
1478 -0.312463 0.316344
1479 0.316344 -0.309991
1480 -0.309991 0.286308
1481 0.286308 -0.269099
1482 -0.269099 0.241516
1483 0.241516 -0.217139
1484 -0.217139 0.179071
1485 0.179071 -0.190322
1486 -0.190322 0.174392
1487 0.174392 -0.183821
1488 -0.183821 0.229275
1489 0.229275 -0.195365
1490 -0.195365 0.159595
1491 0.159595 -0.19953
1492 -0.19953 0.184841
1493 0.184841 -0.171788
1494 -0.171788 0.210451
1495 0.210451 -0.233757
1496 -0.233757 0.201967
1497 0.201967 -0.199611
1498 -0.199611 0.159659
1499 0.159659 -0.15288
1500 -0.15288 0.192059
1501 0.192059 -0.148795
1502 -0.148795 0.197278
1503 0.197278 -0.221716
1504 -0.221716 0.253667
1505 0.253667 -0.240118
1506 -0.240118 0.217644
1507 0.217644 -0.19196
1508 -0.19196 0.143375
1509 0.143375 -0.0882496
1510 -0.0882496 0.105789
1511 0.105789 -0.1226
1512 -0.1226 0.162902
1513 0.162902 -0.180285
1514 -0.180285 0.145477
1515 0.145477 -0.150657
1516 -0.150657 0.165543
1517 0.165543 -0.160429
1518 -0.160429 0.173106
1519 0.173106 -0.174629
1520 -0.174629 0.172569
1521 0.172569 -0.171235
1522 -0.171235 0.153912
1523 0.153912 -0.169102
1524 -0.169102 0.156238
1525 0.156238 -0.145522
1526 -0.145522 0.140245
1527 0.140245 -0.123682
1528 -0.123682 0.130079
1529 0.130079 -0.116563
1530 -0.116563 0.103437
1531 0.103437 -0.0944113
1532 -0.0944113 0.0767331
1533 0.0767331 -0.0712437
1534 -0.0712437 0.0804007
1535 0.0804007 -0.0726113
1536 -0.0726113 0.0622788
1537 0.0622788 -0.0758013
1538 -0.0758013 0.0853793
1539 0.0853793 -0.0876698
1540 -0.0876698 0.0957749
1541 0.0957749 -0.0818193
1542 -0.0818193 0.0866235
1543 0.0866235 -0.0874251
1544 -0.0874251 0.0849516
1545 0.0849516 -0.0863205
1546 -0.0863205 0.0805897
1547 0.0805897 -0.0769977
1548 -0.0769977 0.0805527
1549 0.0805527 -0.0812757
1550 -0.0812757 0.0741819
1551 0.0741819 -0.0775764
1552 -0.0775764 0.0776427
1553 0.0776427 -0.0789152
1554 -0.0789152 0.0812909
1555 0.0812909 -0.0653594
1556 -0.0653594 0.054877
1557 0.054877 -0.0681563
1558 -0.0681563 0.0549789
1559 0.0549789 -0.0318803
1560 -0.0318803 0.0138857
1561 0.0138857 -0.00730115
1562 -0.00730115 0.0235925
1563 0.0235925 0.0118404
1564 0.0118404 -0.0144067
1565 -0.0144067 0.00231252
1566 0.00231252 0.0194557
1567 0.0194557 -0.030755
1568 -0.030755 0.0546922
1569 0.0546922 -0.0586753
1570 -0.0586753 0.066623
1571 0.066623 -0.0616412
1572 -0.0616412 0.0482194
1573 0.0482194 -0.0490057
1574 -0.0490057 0.0693369
1575 0.0693369 -0.0569749
1576 -0.0569749 0.0591723
1577 0.0591723 -0.0529797
1578 -0.0529797 0.050153
1579 0.050153 -0.0497659
1580 -0.0497659 0.0504687
1581 0.0504687 -0.0540909
1582 -0.0540909 0.0569343
1583 0.0569343 -0.0602601
1584 -0.0602601 0.0672527
1585 0.0672527 -0.0645021
1586 -0.0645021 0.0600424
1587 0.0600424 -0.0527845
1588 -0.0527845 0.0440035
1589 0.0440035 -0.0456541
1590 -0.0456541 0.0383309
1591 0.0383309 -0.04079
1592 -0.04079 0.042289
1593 0.042289 -0.0379094
1594 -0.0379094 0.037029
1595 0.037029 -0.0346632
1596 -0.0346632 0.0351243
1597 0.0351243 -0.0303746
1598 -0.0303746 0.0367597
1599 0.0367597 -0.0379793
1600 -0.0379793 0.0368543
1601 0.0368543 -0.046552
1602 -0.046552 0.0358784
1603 0.0358784 -0.040462
1604 -0.040462 0.0407328
1605 0.0407328 -0.0453617
1606 -0.0453617 0.0451706
1607 0.0451706 -0.0427705
1608 -0.0427705 0.0450884
1609 0.0450884 -0.0341803
1610 -0.0341803 0.0478002
1611 0.0478002 -0.0799931
1612 -0.0799931 0.0960126
1613 0.0960126 -0.10436
1614 -0.10436 0.115036
1615 0.115036 -0.115503
1616 -0.115503 0.114425
1617 0.114425 -0.109539
1618 -0.109539 0.102481
1619 0.102481 -0.105445
1620 -0.105445 0.0941297
1621 0.0941297 -0.0952577
1622 -0.0952577 0.0935949
1623 0.0935949 -0.105457
1624 -0.105457 0.0913057
1625 0.0913057 -0.0941166
1626 -0.0941166 0.0982958
1627 0.0982958 -0.11819
1628 -0.11819 0.122804
1629 0.122804 -0.137261
1630 -0.137261 0.138313
1631 0.138313 -0.144015
1632 -0.144015 0.141921
1633 0.141921 -0.134555
1634 -0.134555 0.138929
1635 0.138929 -0.124671
1636 -0.124671 0.123092
1637 0.123092 -0.1197
1638 -0.1197 0.126027
1639 0.126027 -0.136756
1640 -0.136756 0.11218
1641 0.11218 -0.126265
1642 -0.126265 0.137087
1643 0.137087 -0.132825
1644 -0.132825 0.145118
1645 0.145118 -0.139367
1646 -0.139367 0.143586
1647 0.143586 -0.117527
1648 -0.117527 0.109406
1649 0.109406 -0.120635
1650 -0.120635 0.129336
1651 0.129336 -0.104588
1652 -0.104588 0.102879
1653 0.102879 -0.110742
1654 -0.110742 0.100603
1655 0.100603 -0.123876
1656 -0.123876 0.133573
1657 0.133573 -0.120345
1658 -0.120345 0.140447
1659 0.140447 -0.134191
1660 -0.134191 0.149964
1661 0.149964 -0.17571
1662 -0.17571 0.154682
1663 0.154682 -0.139661
1664 -0.139661 0.166879
1665 0.166879 -0.181499
1666 -0.181499 0.178774
1667 0.178774 -0.186448
1668 -0.186448 0.185474
1669 0.185474 -0.175972
1670 -0.175972 0.17268
1671 0.17268 -0.187648
1672 -0.187648 0.197304
1673 0.197304 -0.203562
1674 -0.203562 0.208284
1675 0.208284 -0.208201
1676 -0.208201 0.208219
1677 0.208219 -0.208187
1678 -0.208187 0.207845
1679 0.207845 -0.208139
1680 -0.208139 0.207028
1681 0.207028 -0.208866
1682 -0.208866 0.208313
1683 0.208313 -0.20713
1684 -0.20713 0.210453
1685 0.210453 -0.207728
1686 -0.207728 0.220556
1687 0.220556 -0.220017
1688 -0.220017 0.220726
1689 0.220726 -0.219684
1690 -0.219684 0.220282
1691 0.220282 -0.221474
1692 -0.221474 0.216674
1693 0.216674 -0.219148
1694 -0.219148 0.218001
1695 0.218001 -0.218663
1696 -0.218663 0.220858
1697 0.220858 -0.220629
1698 -0.220629 0.221399
1699 0.221399 -0.220625
1700 -0.220625 0.221728
1701 0.221728 -0.22134
1702 -0.22134 0.221567
1703 0.221567 -0.217139
1704 -0.217139 0.221476
1705 0.221476 -0.222892
1706 -0.222892 0.223344
1707 0.223344 -0.223593
1708 -0.223593 0.223939
1709 0.223939 -0.223072
1710 -0.223072 0.223547
1711 0.223547 -0.223269
1712 -0.223269 0.222547
1713 0.222547 -0.214322
1714 -0.214322 0.213142
1715 0.213142 -0.200611
1716 -0.200611 0.201335
1717 0.201335 -0.194127
1718 -0.194127 0.207013
1719 0.207013 -0.197303
1720 -0.197303 0.209655
1721 0.209655 -0.209655
1722 -0.209655 0.204927
1723 0.204927 -0.203852
1724 -0.203852 0.200118
1725 0.200118 -0.209359
1726 -0.209359 0.20429
1727 0.20429 -0.208098
1728 -0.208098 0.198338
1729 0.198338 -0.206012
1730 -0.206012 0.203693
1731 0.203693 -0.205273
1732 -0.205273 0.20933
1733 0.20933 -0.206036
1734 -0.206036 0.199011
1735 0.199011 -0.209415
1736 -0.209415 0.214314
1737 0.214314 -0.214568
1738 -0.214568 0.210164
1739 0.210164 -0.205577
1740 -0.205577 0.188708
1741 0.188708 -0.196589
1742 -0.196589 0.189111
1743 0.189111 -0.192623
1744 -0.192623 0.192398
1745 0.192398 -0.192006
1746 -0.192006 0.191669
1747 0.191669 -0.210012
1748 -0.210012 0.211264
1749 0.211264 -0.199229
1750 -0.199229 0.202053
1751 0.202053 -0.198118
1752 -0.198118 0.198316
1753 0.198316 -0.197474
1754 -0.197474 0.196042
1755 0.196042 -0.205959
1756 -0.205959 0.209507
1757 0.209507 -0.213042
1758 -0.213042 0.209968
1759 0.209968 -0.205138
1760 -0.205138 0.17204
1761 0.17204 -0.129029
1762 -0.129029 0.108811
1763 0.108811 -0.0887963
1764 -0.0887963 0.0543761
1765 0.0543761 -0.0891507
1766 -0.0891507 0.124728
1767 0.124728 -0.0911449
1768 -0.0911449 0.0650574
1769 0.0650574 -0.0899888
1770 -0.0899888 0.0717198
1771 0.0717198 -0.0731294
1772 -0.0731294 0.0716737
1773 0.0716737 -0.0793486
1774 -0.0793486 0.0791683
1775 0.0791683 -0.0795352
1776 -0.0795352 0.09584
1777 0.09584 -0.0802798
1778 -0.0802798 0.100573
1779 0.100573 -0.107698
1780 -0.107698 0.108348
1781 0.108348 -0.0977806
1782 -0.0977806 0.0976318
1783 0.0976318 -0.0960409
1784 -0.0960409 0.0939696
1785 0.0939696 -0.0939192
1786 -0.0939192 0.0861419
1787 0.0861419 -0.0741293
1788 -0.0741293 0.0825925
1789 0.0825925 -0.0762608
1790 -0.0762608 0.0788204
1791 0.0788204 -0.0837524
1792 -0.0837524 0.0777716
1793 0.0777716 -0.0775374
1794 -0.0775374 0.0650167
1795 0.0650167 -0.0664648
1796 -0.0664648 0.0661202
1797 0.0661202 -0.0560028
1798 -0.0560028 0.0513026
1799 0.0513026 -0.0514032
1800 -0.0514032 0.0566677
1801 0.0566677 -0.0569707
1802 -0.0569707 0.0610706
1803 0.0610706 -0.0620238
1804 -0.0620238 0.0551894
1805 0.0551894 -0.0728572
1806 -0.0728572 0.0679646
1807 0.0679646 -0.087776
1808 -0.087776 0.126191
1809 0.126191 -0.122595
1810 -0.122595 0.0605946
1811 0.0605946 -0.0868335
1812 -0.0868335 0.0770033
1813 0.0770033 -0.0624471
1814 -0.0624471 0.0243492
1815 0.0243492 -0.0874458
1816 -0.0874458 0.0591651
1817 0.0591651 3.39837e-05
1818 3.39837e-05 0.0602113
1819 0.0602113 -0.0666972
1820 -0.0666972 0.0626534
1821 0.0626534 -0.0815916
1822 -0.0815916 0.0821404
1823 0.0821404 -0.0994583
1824 -0.0994583 0.094253
1825 0.094253 -0.0800509
1826 -0.0800509 0.0534388
1827 0.0534388 -0.0266938
1828 -0.0266938 0.0297585
1829 0.0297585 -0.0434942
1830 -0.0434942 0.0134054
1831 0.0134054 0.0145874
1832 0.0145874 0.000812863
1833 0.000812863 -0.0273059
1834 -0.0273059 0.0333418
1835 0.0333418 -0.0533642
1836 -0.0533642 0.0583108
1837 0.0583108 -0.0489798
1838 -0.0489798 0.048169
1839 0.048169 -0.0602775
1840 -0.0602775 0.076263
1841 0.076263 -0.1041
1842 -0.1041 0.127009
1843 0.127009 -0.138417
1844 -0.138417 0.139752
1845 0.139752 -0.15262
1846 -0.15262 0.1244
1847 0.1244 -0.151153
1848 -0.151153 0.179648
1849 0.179648 -0.191309
1850 -0.191309 0.2048
1851 0.2048 -0.198404
1852 -0.198404 0.215257
1853 0.215257 -0.251613
1854 -0.251613 0.246518
1855 0.246518 -0.217124
1856 -0.217124 0.243586
1857 0.243586 -0.269485
1858 -0.269485 0.272235
1859 0.272235 -0.269088
1860 -0.269088 0.229208
1861 0.229208 -0.23878
1862 -0.23878 0.235604
1863 0.235604 -0.233691
1864 -0.233691 0.232442
1865 0.232442 -0.240095
1866 -0.240095 0.262055
1867 0.262055 -0.260822
1868 -0.260822 0.260613
1869 0.260613 -0.246683
1870 -0.246683 0.253964
1871 0.253964 -0.264639
1872 -0.264639 0.27506
1873 0.27506 -0.267016
1874 -0.267016 0.285105
1875 0.285105 -0.260928
1876 -0.260928 0.215074
1877 0.215074 -0.196196
1878 -0.196196 0.222152
1879 0.222152 -0.216568
1880 -0.216568 0.262776
1881 0.262776 -0.289692
1882 -0.289692 0.296275
1883 0.296275 -0.250637
1884 -0.250637 0.286168
1885 0.286168 -0.274339
1886 -0.274339 0.287722
1887 0.287722 -0.249304
1888 -0.249304 0.210637
1889 0.210637 -0.214588
1890 -0.214588 0.175653
1891 0.175653 -0.139018
1892 -0.139018 0.13774
1893 0.13774 -0.161012
1894 -0.161012 0.158365
1895 0.158365 -0.144559
1896 -0.144559 0.144637
1897 0.144637 -0.155934
1898 -0.155934 0.171277
1899 0.171277 -0.15128
1900 -0.15128 0.169294
1901 0.169294 -0.161476
1902 -0.161476 0.157042
1903 0.157042 -0.115849
1904 -0.115849 0.131225
1905 0.131225 -0.118897
1906 -0.118897 0.152337
1907 0.152337 -0.18767
1908 -0.18767 0.180916
1909 0.180916 -0.162958
1910 -0.162958 0.129753
1911 0.129753 -0.0520748
1912 -0.0520748 0.0400064
1913 0.0400064 0.0105261
1914 0.0105261 0.0567727
1915 0.0567727 -0.0875516
1916 -0.0875516 0.0685276
1917 0.0685276 -0.145773
1918 -0.145773 0.121017
1919 0.121017 -0.0364319
1920 -0.0364319 0.0530845
1921 0.0530845 -0.0633127
1922 -0.0633127 0.104914
1923 0.104914 -0.143353
1924 -0.143353 0.151703
1925 0.151703 -0.154005
1926 -0.154005 0.130881
1927 0.130881 -0.158048
1928 -0.158048 0.143235
1929 0.143235 -0.125587
1930 -0.125587 0.150764
1931 0.150764 -0.14699
1932 -0.14699 0.139689
1933 0.139689 -0.164024
1934 -0.164024 0.172326
1935 0.172326 -0.178444
1936 -0.178444 0.157938
1937 0.157938 -0.170498
1938 -0.170498 0.170157
1939 0.170157 -0.184196
1940 -0.184196 0.192706
1941 0.192706 -0.178169
1942 -0.178169 0.183279
1943 0.183279 -0.186366
1944 -0.186366 0.171855
1945 0.171855 -0.150528
1946 -0.150528 0.143028
1947 0.143028 -0.130956
1948 -0.130956 0.104092
1949 0.104092 -0.12444
1950 -0.12444 0.146818
1951 0.146818 -0.157286
1952 -0.157286 0.129641
1953 0.129641 -0.110014
1954 -0.110014 0.110368
1955 0.110368 -0.12612
1956 -0.12612 0.124426
1957 0.124426 -0.134664
1958 -0.134664 0.119262
1959 0.119262 -0.147915
1960 -0.147915 0.134653
1961 0.134653 -0.157512
1962 -0.157512 0.172065
1963 0.172065 -0.192763
1964 -0.192763 0.203654
1965 0.203654 -0.197085
1966 -0.197085 0.197895
1967 0.197895 -0.203105
1968 -0.203105 0.208047
1969 0.208047 -0.206626
1970 -0.206626 0.201292
1971 0.201292 -0.201314
1972 -0.201314 0.203926
1973 0.203926 -0.213193
1974 -0.213193 0.209223
1975 0.209223 -0.209668
1976 -0.209668 0.210272
1977 0.210272 -0.207506
1978 -0.207506 0.203579
1979 0.203579 -0.185416
1980 -0.185416 0.214125
1981 0.214125 -0.234878
1982 -0.234878 0.238033
1983 0.238033 -0.220029
1984 -0.220029 0.191879
1985 0.191879 -0.140907
1986 -0.140907 0.120254
1987 0.120254 -0.171028
1988 -0.171028 0.107985
1989 0.107985 -0.0898717
1990 -0.0898717 0.0867113
1991 0.0867113 -0.0462839
1992 -0.0462839 0.0409086
1993 0.0409086 -0.00518043
1994 -0.00518043 0.00276487
1995 0.00276487 -0.0554722
1996 -0.0554722 0.022936
1997 0.022936 -0.022936
1998 -0.022936 0.0241818
1999 0.0241818 0.00252037
