1 0.500412 -0.499895
2 0.625043 -0.624544
3 0.609404 -0.608597
4 0.499055 -0.498319
5 0.800367 -0.799357
6 0.497352 -0.496548
7 0.571675 -0.570555
8 0.561171 -0.560589
9 0.494896 -0.494219
10 0.661903 -0.661223
11 0.49224 -0.491401
12 0.524735 -0.524296
13 0.523607 -0.5226
14 0.495543 -0.494841
15 0.569707 -0.568584
16 0.483653 -0.48281
17 0.51658 -0.515365
18 0.497003 -0.49619
19 0.494611 -0.493496
20 0.540715 -0.540312
21 0.477509 -0.476747
22 0.496115 -0.495914
23 0.484145 -0.483234
24 0.481273 -0.480989
25 0.509143 -0.50799
26 0.465417 -0.46482
27 0.488449 -0.487225
28 0.47521 -0.474704
29 0.478629 -0.477577
30 0.482095 -0.481569
31 0.464004 -0.463181
32 0.483591 -0.48357
33 0.46783 -0.467206
34 0.47336 -0.472951
35 0.489346 -0.488196
36 0.470172 -0.469533
37 0.482361 -0.48144
38 0.460485 -0.460135
39 0.478311 -0.477262
40 0.462932 -0.463044
41 0.474444 -0.473864
42 0.48018 -0.479588
43 0.460128 -0.459443
44 0.472867 -0.472502
45 0.466702 -0.465801
46 0.474601 -0.474069
47 0.48068 -0.47995
48 0.467143 -0.466316
49 0.469969 -0.469315
50 0.475857 -0.475495
51 0.466103 -0.465806
52 0.472504 -0.471771
53 0.469468 -0.469286
54 0.467081 -0.466437
55 0.46607 -0.465287
56 0.470465 -0.469794
57 0.470315 -0.469825
58 0.473133 -0.472903
59 0.470633 -0.469823
60 0.464784 -0.464434
61 0.466002 -0.464866
62 0.476184 -0.474932
63 0.459404 -0.458088
64 0.459199 -0.458148
65 0.468485 -0.468165
66 0.464035 -0.462933
67 0.460712 -0.459752
68 0.460798 -0.460205
69 0.440391 -0.439747
70 0.46212 -0.461308
71 0.457452 -0.456608
72 0.457662 -0.456695
73 0.453394 -0.452754
74 0.44365 -0.443317
75 0.446516 -0.44662
76 0.452778 -0.452175
77 0.45251 -0.452193
78 0.451762 -0.45116
79 0.440332 -0.440229
80 0.434964 -0.433867
81 0.44767 -0.446672
82 0.44234 -0.441541
83 0.449085 -0.448554
84 0.446141 -0.445928
85 0.437143 -0.437032
86 0.442597 -0.441886
87 0.434085 -0.433325
88 0.443854 -0.442786
89 0.442158 -0.441605
90 0.436006 -0.434452
91 0.449543 -0.448563
92 0.437864 -0.437004
93 0.435117 -0.434573
94 0.442526 -0.442353
95 0.435765 -0.435915
96 0.441877 -0.441463
97 0.431009 -0.430875
98 0.439318 -0.438375
99 0.436139 -0.435858
100 0.4339 -0.431717
101 0.431278 -0.430211
102 0.432902 -0.431383
103 0.431926 -0.430703
104 0.433632 -0.433314
105 0.433072 -0.433467
106 0.435078 -0.434836
107 0.436762 -0.436579
108 0.434767 -0.434534
109 0.432391 -0.43251
110 0.435265 -0.434697
111 0.437213 -0.437051
112 0.435906 -0.434549
113 0.425146 -0.424409
114 0.428801 -0.427762
115 0.42476 -0.424314
116 0.433176 -0.432685
117 0.4294 -0.429872
118 0.420805 -0.421205
119 0.41886 -0.419411
120 0.422138 -0.422057
121 0.433986 -0.433663
122 0.420327 -0.419365
123 0.420805 -0.419826
124 0.418999 -0.41799
125 0.415794 -0.41511
126 0.424421 -0.424251
127 0.415876 -0.415292
128 0.419205 -0.419635
129 0.423496 -0.423231
130 0.411513 -0.412484
131 0.42829 -0.428031
132 0.416246 -0.416534
133 0.42294 -0.421768
134 0.423162 -0.422112
135 0.423202 -0.422719
136 0.429912 -0.429224
137 0.419245 -0.419067
138 0.413954 -0.413449
139 0.412461 -0.412555
140 0.416987 -0.416398
141 0.419645 -0.419332
142 0.419865 -0.420101
143 0.412533 -0.412964
144 0.413343 -0.413237
145 0.41793 -0.417719
146 0.410404 -0.41012
147 0.426459 -0.426132
148 0.406296 -0.404453
149 0.420538 -0.419473
150 0.414084 -0.413512
151 0.405498 -0.405129
152 0.421905 -0.422973
153 0.402615 -0.404076
154 0.410999 -0.412313
155 0.41465 -0.414461
156 0.408936 -0.409005
157 0.412228 -0.410933
158 0.40658 -0.404529
159 0.412058 -0.409484
160 0.404449 -0.403274
161 0.417571 -0.416112
162 0.407047 -0.405608
163 0.404989 -0.404679
164 0.400708 -0.399692
165 0.404983 -0.404897
166 0.400345 -0.398476
167 0.394956 -0.394793
168 0.388773 -0.385698
169 0.399812 -0.400667
170 0.397502 -0.396581
171 0.390515 -0.392274
172 0.386834 -0.387378
173 0.377546 -0.378325
174 0.392397 -0.390239
175 0.402936 -0.40145
176 0.389639 -0.388132
177 0.384054 -0.383041
178 0.38076 -0.379183
179 0.381455 -0.382376
180 0.394415 -0.393473
181 0.393783 -0.393727
182 0.382029 -0.381381
183 0.38216 -0.38192
184 0.384322 -0.382271
185 0.391147 -0.391231
186 0.394997 -0.394219
187 0.380684 -0.38186
188 0.382755 -0.382078
189 0.381116 -0.381682
190 0.3778 -0.376332
191 0.386854 -0.386421
192 0.379107 -0.378725
193 0.375882 -0.376467
194 0.37977 -0.378499
195 0.381335 -0.381114
196 0.383924 -0.38228
197 0.377886 -0.376642
198 0.377363 -0.375604
199 0.386814 -0.386526
200 0.378903 -0.378231
201 0.378405 -0.377747
202 0.371415 -0.374158
203 0.381384 -0.383093
204 0.38429 -0.385793
205 0.375281 -0.374679
206 0.372384 -0.372038
207 0.373737 -0.371246
208 0.370925 -0.369577
209 0.369728 -0.368076
210 0.377864 -0.376209
211 0.366146 -0.365995
212 0.37163 -0.372574
213 0.364023 -0.365391
214 0.370973 -0.37106
215 0.375678 -0.376469
216 0.368013 -0.367559
217 0.373277 -0.371631
218 0.370443 -0.369027
219 0.374622 -0.372993
220 0.38156 -0.379339
221 0.362776 -0.361435
222 0.370255 -0.369121
223 0.357497 -0.357518
224 0.372701 -0.37361
225 0.369835 -0.370246
226 0.359725 -0.360548
227 0.370926 -0.370976
228 0.364653 -0.366138
229 0.371713 -0.371048
230 0.377699 -0.375531
231 0.361524 -0.360689
232 0.366194 -0.363486
233 0.355522 -0.355486
234 0.362066 -0.360827
235 0.359838 -0.361529
236 0.357355 -0.356369
237 0.359231 -0.360983
238 0.361173 -0.35955
239 0.356342 -0.357162
240 0.351156 -0.348912
241 0.35559 -0.35637
242 0.352431 -0.350606
243 0.36793 -0.367495
244 0.360183 -0.359882
245 0.354477 -0.355601
246 0.348273 -0.348869
247 0.349961 -0.350107
248 0.364036 -0.363555
249 0.363922 -0.362289
250 0.360359 -0.358697
251 0.347313 -0.345227
252 0.351407 -0.349537
253 0.355971 -0.354882
254 0.361299 -0.361916
255 0.347587 -0.348127
256 0.351454 -0.354321
257 0.346376 -0.346857
258 0.353677 -0.35374
259 0.356358 -0.355035
260 0.346815 -0.345838
261 0.344917 -0.342678
262 0.347084 -0.345904
263 0.35127 -0.34913
264 0.345657 -0.345345
265 0.333822 -0.333151
266 0.343077 -0.344834
267 0.343172 -0.342246
268 0.3534 -0.355378
269 0.342015 -0.341141
270 0.338429 -0.339209
271 0.341245 -0.338952
272 0.343352 -0.341406
273 0.354063 -0.351703
274 0.349037 -0.348724
275 0.343058 -0.343508
276 0.340321 -0.340421
277 0.345027 -0.345769
278 0.34994 -0.35029
279 0.344207 -0.344036
280 0.348264 -0.348628
281 0.341059 -0.340647
282 0.347642 -0.348076
283 0.35558 -0.353874
284 0.340073 -0.33878
285 0.351957 -0.350412
286 0.335326 -0.334121
287 0.34222 -0.341341
288 0.349966 -0.350198
289 0.33664 -0.338613
290 0.34343 -0.34357
291 0.333234 -0.336138
292 0.33716 -0.336578
293 0.33875 -0.338405
294 0.343783 -0.339999
295 0.33717 -0.336813
296 0.334519 -0.332247
297 0.331876 -0.332003
298 0.33077 -0.330041
299 0.337313 -0.338156
300 0.333653 -0.333926
301 0.333744 -0.335772
302 0.333265 -0.333714
303 0.336643 -0.3357
304 0.335656 -0.333301
305 0.333859 -0.333728
306 0.33281 -0.330612
307 0.336668 -0.336664
308 0.328866 -0.328192
309 0.332332 -0.333617
310 0.32552 -0.325331
311 0.3252 -0.327053
312 0.327262 -0.327402
313 0.333186 -0.335035
314 0.330235 -0.330167
315 0.324135 -0.324614
316 0.320979 -0.319989
317 0.325744 -0.325442
318 0.335727 -0.333941
319 0.323995 -0.324125
320 0.327475 -0.325601
321 0.315264 -0.31573
322 0.325621 -0.325466
323 0.322375 -0.322317
324 0.336553 -0.334884
325 0.321132 -0.322048
326 0.321474 -0.320456
327 0.328882 -0.328509
328 0.325736 -0.326652
329 0.331213 -0.332217
330 0.322328 -0.323304
331 0.316104 -0.317424
332 0.325355 -0.326004
333 0.325293 -0.322976
334 0.327123 -0.325022
335 0.327433 -0.326076
336 0.317296 -0.316279
337 0.322763 -0.323548
338 0.324844 -0.325769
339 0.326108 -0.326946
340 0.325607 -0.32403
341 0.312394 -0.312486
342 0.319599 -0.318995
343 0.324155 -0.324281
344 0.328448 -0.328213
345 0.315674 -0.316661
346 0.318516 -0.316855
347 0.317037 -0.318105
348 0.325518 -0.323224
349 0.321454 -0.321234
350 0.313533 -0.311022
351 0.312317 -0.312178
352 0.31457 -0.313945
353 0.323486 -0.323036
354 0.32074 -0.319288
355 0.309567 -0.308083
356 0.31137 -0.311006
357 0.316609 -0.316502
358 0.317554 -0.317654
359 0.310881 -0.312326
360 0.305303 -0.305817
361 0.298721 -0.299759
362 0.310634 -0.308869
363 0.308857 -0.308072
364 0.302486 -0.300559
365 0.298394 -0.296558
366 0.306676 -0.305465
367 0.299657 -0.301644
368 0.30985 -0.311536
369 0.303687 -0.30761
370 0.296206 -0.296951
371 0.304366 -0.30495
372 0.309332 -0.306535
373 0.312745 -0.310674
374 0.313382 -0.309681
375 0.300168 -0.299093
376 0.308529 -0.306416
377 0.304431 -0.306006
378 0.313863 -0.315814
379 0.317329 -0.319175
380 0.304705 -0.305732
381 0.309607 -0.308829
382 0.309867 -0.307967
383 0.308474 -0.304311
384 0.313067 -0.310547
385 0.301422 -0.298589
386 0.301622 -0.301744
387 0.307473 -0.30794
388 0.302039 -0.303798
389 0.30638 -0.306179
390 0.288828 -0.291252
391 0.294614 -0.296029
392 0.307114 -0.306854
393 0.300727 -0.298225
394 0.30669 -0.303141
395 0.298522 -0.294784
396 0.295393 -0.292144
397 0.309318 -0.311498
398 0.299343 -0.300695
399 0.305369 -0.307989
400 0.296776 -0.297748
401 0.284547 -0.286862
402 0.306794 -0.304543
403 0.295872 -0.294281
404 0.303466 -0.301288
405 0.295638 -0.294049
406 0.281995 -0.280258
407 0.301944 -0.302151
408 0.295894 -0.296748
409 0.296752 -0.296947
410 0.297112 -0.296577
411 0.288743 -0.288369
412 0.293367 -0.291788
413 0.297714 -0.297036
414 0.291443 -0.290199
415 0.293424 -0.293628
416 0.28662 -0.285413
417 0.286572 -0.286811
418 0.297083 -0.297419
419 0.298906 -0.299376
420 0.295188 -0.295392
421 0.290642 -0.290361
422 0.29239 -0.29186
423 0.286822 -0.285517
424 0.292116 -0.292025
425 0.290281 -0.288706
426 0.279994 -0.281077
427 0.294347 -0.292995
428 0.282852 -0.283853
429 0.281781 -0.28144
430 0.289437 -0.288656
431 0.283651 -0.28126
432 0.295015 -0.293481
433 0.278617 -0.276128
434 0.290216 -0.290346
435 0.289343 -0.289815
436 0.279745 -0.283927
437 0.293788 -0.293358
438 0.281563 -0.285053
439 0.287803 -0.287917
440 0.286362 -0.285692
441 0.277801 -0.276817
442 0.296048 -0.294918
443 0.283407 -0.281505
444 0.288842 -0.286772
445 0.280008 -0.281269
446 0.276581 -0.277974
447 0.282841 -0.285448
448 0.286544 -0.287899
449 0.279718 -0.281494
450 0.28251 -0.279787
451 0.283283 -0.283114
452 0.279852 -0.277278
453 0.286748 -0.289155
454 0.279736 -0.275827
455 0.287756 -0.292287
456 0.284267 -0.283434
457 0.28657 -0.288738
458 0.289655 -0.287083
459 0.284346 -0.285894
460 0.292534 -0.291178
461 0.28656 -0.287901
462 0.293369 -0.292071
463 0.281852 -0.282695
464 0.280685 -0.279122
465 0.284757 -0.285472
466 0.284021 -0.284118
467 0.285584 -0.285928
468 0.279089 -0.278363
469 0.279106 -0.281051
470 0.290752 -0.289861
471 0.286986 -0.287899
472 0.286913 -0.284549
473 0.278068 -0.279299
474 0.278914 -0.27845
475 0.281443 -0.282083
476 0.293108 -0.291936
477 0.277593 -0.277374
478 0.277169 -0.275168
479 0.282088 -0.280837
480 0.285112 -0.283279
481 0.28911 -0.289249
482 0.275234 -0.275875
483 0.275226 -0.2767
484 0.275966 -0.27735
485 0.277566 -0.27831
486 0.281575 -0.281807
487 0.268752 -0.265678
488 0.275661 -0.274412
489 0.276118 -0.273756
490 0.277 -0.275925
491 0.277485 -0.276427
492 0.272255 -0.275804
493 0.272552 -0.27357
494 0.279637 -0.280491
495 0.276808 -0.277421
496 0.276408 -0.276572
497 0.278163 -0.27696
498 0.273741 -0.273527
499 0.280034 -0.279186
