1 0.500364 -0.476447
2 0.62071 -0.597343
3 0.565027 -0.53352
4 0.424342 -0.39705
5 0.739366 -0.704211
6 0.370839 -0.351463
7 0.444793 -0.411869
8 0.382738 -0.373131
9 0.314302 -0.299258
10 0.483999 -0.464415
11 0.285255 -0.271235
12 0.320168 -0.312683
13 0.301994 -0.283082
14 0.249052 -0.24639
15 0.356932 -0.342045
16 0.246278 -0.240314
17 0.272328 -0.256362
18 0.248628 -0.245196
19 0.216859 -0.208192
20 0.261211 -0.253814
21 0.206266 -0.197859
22 0.215968 -0.209786
23 0.208128 -0.199481
24 0.185518 -0.187176
25 0.206297 -0.198983
26 0.178992 -0.175872
27 0.18408 -0.177581
28 0.173792 -0.168445
29 0.166778 -0.159375
30 0.166454 -0.164446
31 0.161876 -0.160624
32 0.164971 -0.167247
33 0.168038 -0.157838
34 0.155866 -0.158688
35 0.155641 -0.150358
36 0.151186 -0.15087
37 0.14737 -0.141151
38 0.147477 -0.144471
39 0.146881 -0.141635
40 0.138752 -0.139887
41 0.138804 -0.13674
42 0.138862 -0.13866
43 0.13474 -0.131832
44 0.137196 -0.13644
45 0.129939 -0.128354
46 0.126034 -0.125373
47 0.130066 -0.129535
48 0.127863 -0.127859
49 0.131513 -0.126904
50 0.126468 -0.123139
51 0.116826 -0.117155
52 0.12263 -0.122877
53 0.11982 -0.116023
54 0.111606 -0.1111
55 0.106058 -0.100854
56 0.103766 -0.104441
57 0.103975 -0.0964816
58 0.10175 -0.0984062
59 0.100437 -0.0962998
60 0.100565 -0.101599
61 0.100044 -0.0989369
62 0.100569 -0.0958933
63 0.0937016 -0.0936728
64 0.0970437 -0.0954939
65 0.0941779 -0.092718
66 0.0931239 -0.0925149
67 0.0892042 -0.0856916
68 0.0910524 -0.0883308
69 0.0828193 -0.0786592
70 0.0838851 -0.0820703
71 0.0842252 -0.0796417
72 0.0789086 -0.0779371
73 0.0792429 -0.0801144
74 0.0810718 -0.0802988
75 0.0824095 -0.0834848
76 0.0740327 -0.0761243
77 0.0807732 -0.0795159
78 0.0778367 -0.077411
79 0.083519 -0.0756939
80 0.0782037 -0.077885
81 0.0735066 -0.0684092
82 0.0729528 -0.0769862
83 0.070976 -0.0698104
84 0.074523 -0.0791758
85 0.0779713 -0.0737406
86 0.068221 -0.0706713
87 0.0774714 -0.0728549
88 0.0692741 -0.0730829
89 0.082719 -0.0808713
90 0.0725108 -0.0744953
91 0.0715674 -0.0701977
92 0.0724064 -0.0764727
93 0.0705494 -0.0689002
94 0.0735904 -0.0759795
95 0.0709532 -0.067668
96 0.0652391 -0.0657635
97 0.0707354 -0.0664056
98 0.0642146 -0.0666791
99 0.0662634 -0.0609476
100 0.0725632 -0.0727977
101 0.0726361 -0.0714149
102 0.072214 -0.0758601
103 0.0705744 -0.0684261
104 0.0714802 -0.0754163
105 0.0719595 -0.0729731
106 0.0669581 -0.0689507
107 0.0765735 -0.0777509
108 0.0718873 -0.0729469
109 0.0744853 -0.0709657
110 0.0766083 -0.0728
111 0.0742083 -0.0687751
112 0.0747937 -0.0755148
113 0.0730766 -0.0698527
114 0.0676278 -0.0716882
115 0.066665 -0.069209
116 0.0690982 -0.0739461
117 0.0707863 -0.0661785
118 0.0668412 -0.0650735
119 0.0675231 -0.0583985
120 0.0617688 -0.0597833
121 0.06694 -0.0636254
122 0.0644647 -0.0622949
123 0.0613827 -0.0625666
124 0.0562988 -0.0610616
125 0.0643185 -0.0633392
126 0.0636918 -0.061785
127 0.0648905 -0.0601216
128 0.062037 -0.0535489
129 0.0586364 -0.0550912
130 0.0626313 -0.0574843
131 0.0573059 -0.0621422
132 0.053991 -0.052314
133 0.0554218 -0.060878
134 0.0518586 -0.0503874
135 0.0511736 -0.0553608
136 0.0586248 -0.0517769
137 0.049126 -0.0470557
138 0.0612152 -0.0581626
139 0.0497892 -0.0493448
140 0.0542808 -0.0553946
141 0.0476939 -0.0548534
142 0.0572521 -0.0569856
143 0.0585244 -0.058315
144 0.0601597 -0.0571299
145 0.05909 -0.059647
146 0.0534107 -0.055239
147 0.0558383 -0.0582859
148 0.0576236 -0.0585972
149 0.0609611 -0.0553128
150 0.0578708 -0.0576796
151 0.0518818 -0.0532886
152 0.0578647 -0.0580705
153 0.0553734 -0.0553422
154 0.0543703 -0.0565179
155 0.0615934 -0.0557168
156 0.0516079 -0.0500689
157 0.0533728 -0.0499991
158 0.0534675 -0.0538241
159 0.0429815 -0.0437924
160 0.0565067 -0.0555841
161 0.0507914 -0.0556161
162 0.0502831 -0.048637
163 0.0518753 -0.0547381
164 0.0515669 -0.0485554
165 0.050747 -0.0542579
166 0.0561599 -0.0526821
167 0.0455901 -0.0453812
168 0.0552804 -0.05119
169 0.0454937 -0.0457225
170 0.0528946 -0.0537377
171 0.0527621 -0.0528143
172 0.046388 -0.0466564
173 0.0531998 -0.051472
174 0.049728 -0.0518862
175 0.0488994 -0.0473382
176 0.0488947 -0.0471505
177 0.045273 -0.0427672
178 0.0492082 -0.0459425
179 0.0470368 -0.042745
180 0.0416305 -0.0423134
181 0.0455352 -0.0407658
182 0.0446318 -0.0457741
183 0.0458656 -0.0415989
184 0.0468595 -0.0477175
185 0.0418742 -0.0430992
186 0.0462833 -0.0460118
187 0.0406021 -0.0383448
188 0.0499084 -0.0466756
189 0.0415158 -0.0396946
190 0.0440939 -0.044872
191 0.0487399 -0.0488999
192 0.0370296 -0.0387133
193 0.0406954 -0.0439551
194 0.03983 -0.0389759
195 0.0389571 -0.0358302
196 0.038865 -0.0388858
197 0.044352 -0.042132
198 0.0425975 -0.0410627
199 0.0403847 -0.0433507
200 0.0436428 -0.0443843
201 0.0433729 -0.0473374
202 0.0500325 -0.0508647
203 0.043127 -0.0416571
204 0.0450219 -0.0458849
205 0.0426756 -0.0422295
206 0.0475262 -0.0497315
207 0.0426512 -0.0427497
208 0.0405814 -0.0434961
209 0.0473726 -0.0473562
210 0.0440482 -0.0440306
211 0.0455193 -0.0485016
212 0.0423066 -0.0430478
213 0.0436241 -0.0421261
214 0.0466934 -0.0439241
215 0.0397055 -0.0380628
216 0.0449913 -0.0369396
217 0.031515 -0.0362444
218 0.0373579 -0.0389712
219 0.0358972 -0.037292
220 0.0358352 -0.0355863
221 0.0347611 -0.0330362
222 0.0323123 -0.0247336
223 0.0363402 -0.0333719
224 0.0260816 -0.0235435
225 0.0336431 -0.0318737
226 0.0305432 -0.0338129
227 0.0256514 -0.0307819
228 0.0316045 -0.0342214
229 0.0272841 -0.0312862
230 0.0273593 -0.0326544
231 0.0324249 -0.0304884
232 0.0282952 -0.0263279
233 0.0315902 -0.0302269
234 0.0319934 -0.0297136
235 0.023689 -0.0256109
236 0.0275186 -0.0273561
237 0.0274715 -0.0281669
238 0.0265226 -0.0289913
239 0.0284711 -0.0289172
240 0.0227896 -0.0220431
241 0.0264618 -0.028973
242 0.0244445 -0.0247932
243 0.0268434 -0.025532
244 0.0289903 -0.028763
245 0.0237271 -0.0271954
246 0.0342448 -0.0345184
247 0.0236977 -0.0247411
248 0.0248942 -0.0257542
249 0.0270176 -0.026986
250 0.0249543 -0.0268854
251 0.0329089 -0.0310539
252 0.0203821 -0.0259548
253 0.0243024 -0.0225493
254 0.0257087 -0.0272585
255 0.0255724 -0.0249277
256 0.0311567 -0.0317423
257 0.028521 -0.0261473
258 0.0275528 -0.0251614
259 0.0292309 -0.0288028
260 0.0303869 -0.0287432
261 0.0313209 -0.029817
262 0.0255156 -0.0266675
263 0.0254287 -0.0315778
264 0.0272937 -0.0251149
265 0.0331321 -0.0328649
266 0.0327465 -0.0242215
267 0.0259272 -0.0245793
268 0.029983 -0.0264062
269 0.0255718 -0.0226765
270 0.0281079 -0.0292013
271 0.0228166 -0.0270765
272 0.0303376 -0.0331316
273 0.0285905 -0.0298911
274 0.0240186 -0.02481
275 0.0259238 -0.0221839
276 0.0290497 -0.0231565
277 0.0314653 -0.0266214
278 0.0294681 -0.0276653
279 0.0257712 -0.0278421
280 0.0215274 -0.0232827
281 0.0160652 -0.0197996
282 0.0251878 -0.0284013
283 0.0196112 -0.0204161
284 0.0311985 -0.0290987
285 0.0205632 -0.0185756
286 0.0256248 -0.0196259
287 0.0247879 -0.0218215
288 0.0184514 -0.0153133
289 0.0305675 -0.0257296
290 0.0169204 -0.0165091
291 0.0146843 -0.0205847
292 0.0194996 -0.021874
293 0.0203448 -0.0229891
294 0.0192513 -0.0211586
295 0.0143168 -0.0153615
296 0.0187099 -0.016643
297 0.0148004 -0.00947624
298 0.0198381 -0.0128901
299 0.00984504 -0.00898547
300 0.00700666 -0.00483228
301 0.00934183 -0.0143197
302 0.0128718 -0.0136021
303 0.0104759 -0.0139174
304 0.0087487 -0.00711609
305 0.00878634 -0.0128772
306 0.0122719 -0.0072602
307 0.0172418 -0.0139078
308 0.019213 -0.0136594
309 0.00773639 -0.00812364
310 0.00999452 -0.00902595
311 0.00915174 -0.0190658
312 0.0165209 -0.019155
313 0.0158567 -0.0219062
314 0.00993793 -0.0165436
315 0.0166188 -0.0134772
316 0.0122983 -0.00692219
317 0.0207676 -0.0175924
318 0.0191228 -0.0149094
319 0.0144861 -0.00923878
320 0.0123244 -0.0134415
321 0.00856143 -0.00683044
322 0.0123595 -0.0151887
323 0.0155312 -0.014966
324 0.00758884 -0.0096832
325 0.0159211 -0.0168783
326 0.0138238 -0.0143285
327 0.0168052 -0.0162771
328 0.0186072 -0.0194454
329 0.0169103 -0.0142235
330 0.018034 -0.0177436
331 0.0166528 -0.0172614
332 0.0231608 -0.0221625
333 0.0157708 -0.014723
334 0.017018 -0.0185804
335 0.0193877 -0.0184763
336 0.0145312 -0.0173599
337 0.015337 -0.0139824
338 0.0126861 -0.0145694
339 0.0129002 -0.0140242
340 0.0165052 -0.00942539
341 0.00836681 -0.00648937
342 0.0106408 -0.00734135
343 0.0109347 -0.00868776
344 0.00429604 -0.00147334
345 0.0103558 -0.0182006
346 0.00631018 -0.00227659
347 0.010304 -0.013667
348 0.0165473 -0.0131727
349 0.00488343 -0.00807765
350 0.017689 -0.0146592
351 0.00876355 -0.0109172
352 0.0145821 -0.011513
353 0.0102993 -0.0115677
354 0.00911868 -0.00952457
355 0.00759356 -0.00981648
356 0.00872826 -0.00752473
357 0.00998722 -0.0135497
358 0.00910358 -0.00912866
359 0.00143805 -0.00293349
360 0.00693037 -0.00718309
361 0.0081498 -0.0114843
362 0.00794186 -0.00545361
363 0.00894452 -0.00659511
364 0.00172714 0.00325516
365 0.00596884 -0.00643648
366 0.00652577 -0.00239735
367 0.000643062 -0.00443119
368 0.0110433 -0.00947959
369 -0.000352991 -0.00353632
370 0.00587839 -0.0075345
371 0.00304845 -0.00600579
372 0.00290799 -0.00223671
373 0.00888409 -0.0144119
374 0.00817637 -0.00703854
375 0.00910481 -0.011972
376 0.0107919 -0.00659555
377 0.00700871 -0.00906446
378 0.0189356 -0.0105779
379 0.00401913 -0.00411693
380 0.0127105 -0.0109835
381 0.00321139 -0.00731795
382 0.0110197 -0.0122743
383 0.00699933 -0.00963604
384 0.00573357 -0.00586576
385 0.00449875 -0.00612396
386 0.00166986 -0.000694373
387 0.00498123 -0.00531154
388 0.00500135 0.000143738
389 0.00532122 -0.0023664
390 0.00185598 -0.000997557
391 0.00496725 -0.00468699
392 0.0032438 -0.00244927
393 0.00321327 -0.00773689
394 0.00703983 -0.00833457
395 0.00115512 -0.00916476
396 0.00201811 -0.00540195
397 0.000253277 -0.00577438
398 0.00503219 -0.00441927
399 0.0109699 -0.0111258
400 0.00282899 0.000359203
401 0.0077027 -0.00666022
402 0.00269553 -0.0011082
403 0.00667697 -0.00777012
404 0.0080637 -0.00759715
405 0.000990182 -0.00860602
406 0.00730778 -0.00394123
407 0.00528998 -0.00503668
408 0.0089459 -0.00541453
409 0.0119804 -0.012376
410 0.00749789 -0.00159081
411 0.00897012 -0.00644196
412 0.012305 -0.00626795
413 0.002866 -0.00363561
414 0.0142178 -0.0136861
415 0.00423653 -0.00805393
416 0.0073561 -0.00983212
417 0.00511954 -0.0068681
418 -0.00217586 -0.000257681
419 0.00468328 -0.00758493
420 0.0141542 -0.0117492
421 0.0033402 -6.96764e-05
422 0.00795749 -0.000571279
423 0.0035066 -0.00485517
424 0.00791846 -0.001623
425 0.0042272 -0.00780632
426 -0.00144712 -0.0015917
427 1.34521e-05 -0.00142516
428 -0.000352882 0.000558676
429 -0.00354843 0.00231697
430 0.000114806 0.00256299
431 0.00138173 0.00224981
432 -0.000949398 -0.000489846
433 -0.00482862 0.00256252
434 0.00493179 -0.00584644
435 0.00726995 -0.00912966
436 0.000773946 -0.000526432
437 0.0115575 -0.0098142
438 0.0039112 -0.000608173
439 0.00164255 -0.00227842
440 0.011954 -0.011794
441 -0.00412832 0.0027841
442 0.0108268 -0.00968964
443 0.0041332 -0.00626245
444 0.00790256 -0.00207765
445 0.00971575 -0.00449433
446 0.00169597 0.00244996
447 0.00534707 -0.00768631
448 0.00704265 -0.00229987
449 -0.0011942 -0.0026148
450 0.0066333 -0.00405122
451 -0.00193783 -0.00219898
452 0.0103232 -0.00540251
453 0.00439972 -0.0080296
454 0.00126734 0.00222237
455 -0.0016609 -0.00207974
456 -0.00064631 0.000351762
457 -0.00319428 -0.00242515
458 0.00556006 -0.00125178
459 -0.00421449 0.00259577
460 0.00405927 -0.00135225
461 0.00272049 -0.00231579
462 0.00250967 0.0037517
463 0.000854972 0.00100292
464 0.00212373 -0.00312685
465 0.00232199 -0.00242958
466 0.00235538 -0.00474079
467 5.35399e-06 -0.000704456
468 -0.000530234 -0.00196742
469 -0.00254175 0.00213574
470 -0.000979601 -0.00221864
471 -6.53996e-05 -0.00508093
472 -0.00136257 0.000490353
473 0.00765997 -0.00328566
474 -0.000691753 0.00487375
475 0.00233388 -0.0012883
476 0.00894206 -0.00830674
477 -0.00302849 0.00324121
478 0.000156125 -0.00587858
479 -0.00822113 0.00263737
480 -0.000638187 -0.00100964
481 0.0070626 -0.00304274
482 -0.000744588 0.00351691
483 0.00669258 -0.00118124
484 -0.001042 0.0066943
485 -0.00295863 -0.00272229
486 0.0111782 -0.0122194
487 -0.000791621 -0.0033798
488 0.0089961 -0.0155301
489 0.000100791 -0.00109234
490 0.0123109 -0.0108711
491 0.0131228 -0.0104075
492 0.00505523 -0.00430097
493 0.0100943 -0.00830979
494 0.00408681 -0.00438762
495 0.0064665 -0.00921161
496 0.00712517 -0.0083822
497 -0.00357486 0.00118613
498 0.00638917 -0.00578319
499 0.00171185 -0.00136705
