1 0.976248 -0.975912
2 0.949129 -0.948603
3 0.895466 -0.896212
4 0.823617 -0.824543
5 0.755171 -0.755702
6 0.666935 -0.66656
7 0.588029 -0.58759
8 0.508443 -0.507895
9 0.433335 -0.433416
10 0.369806 -0.369293
11 0.309811 -0.309204
12 0.259713 -0.259087
13 0.216559 -0.216648
14 0.180434 -0.180141
15 0.150636 -0.150461
16 0.12593 -0.125818
17 0.105848 -0.105768
18 0.0893897 -0.0892519
19 0.0758547 -0.0758548
20 0.0649617 -0.0649942
21 0.0559005 -0.0558728
22 0.0485434 -0.0485276
23 0.04258 -0.0425925
24 0.0379444 -0.0379261
25 0.0342525 -0.0342539
26 0.0312354 -0.0312264
27 0.0285469 -0.0285332
28 0.0261444 -0.0261407
29 0.0237884 -0.0237873
30 0.0214002 -0.0214243
31 0.0193715 -0.0193607
32 0.0173116 -0.0173275
33 0.0157218 -0.0157207
34 0.014454 -0.0144474
35 0.0134037 -0.0134076
36 0.0128285 -0.0128324
37 0.0122731 -0.0122618
38 0.0119887 -0.0119891
39 0.0118348 -0.0118262
40 0.0117143 -0.011722
41 0.0118026 -0.0118008
42 0.0118372 -0.0118445
43 0.0119331 -0.0119333
44 0.01195 -0.0119536
45 0.0117828 -0.0117809
46 0.0116147 -0.0116075
47 0.0111204 -0.0111138
48 0.0105775 -0.0105728
49 0.00984019 -0.00984764
50 0.00884203 -0.00884878
51 0.00792092 -0.00791365
52 0.00665052 -0.00664255
53 0.00556161 -0.0055596
54 0.0044805 -0.00448789
55 0.00343533 -0.00343174
56 0.00272577 -0.00273218
57 0.00195281 -0.00195213
58 0.00147834 -0.00148384
59 0.0011235 -0.00112002
60 0.000740919 -0.000736543
61 0.000566136 -0.000564654
62 0.000325203 -0.000322985
63 0.000197366 -0.000197941
64 0.000135674 -0.000131221
65 0.000100468 -9.61386e-05
66 0.000141617 -0.000150427
67 0.000181777 -0.000187751
68 0.000169703 -0.000173468
69 6.10422e-05 -6.44957e-05
70 -7.73805e-05 6.60429e-05
71 -0.000352728 0.000350525
72 -0.000617015 0.000608139
73 -0.000917126 0.000923788
74 -0.00124376 0.00124153
75 -0.00153512 0.00152947
76 -0.00181084 0.00181586
77 -0.0020201 0.00202097
78 -0.00217886 0.00217486
79 -0.00222903 0.00222966
80 -0.00222744 0.00222527
81 -0.00210015 0.00208811
82 -0.00183954 0.00183252
83 -0.00155223 0.00154486
84 -0.00112918 0.00112163
85 -0.00074593 0.000746163
86 -0.000355379 0.00035937
87 -5.62954e-06 1.04235e-05
88 0.000208807 -0.000197707
89 0.000388293 -0.000392167
90 0.000421048 -0.000426832
91 0.000415596 -0.00041258
92 0.000361294 -0.000360211
93 0.00031006 -0.000310141
94 0.000329051 -0.00032161
95 0.000360964 -0.0003616
96 0.000519294 -0.00051574
97 0.000687154 -0.00067685
98 0.000916804 -0.000918788
99 0.00114732 -0.00114622
100 0.00137988 -0.00137032
101 0.00158954 -0.00159819
102 0.00175889 -0.00176265
103 0.00190654 -0.00190896
104 0.00199417 -0.00199104
105 0.0020601 -0.00205273
106 0.0021104 -0.00211635
107 0.002145 -0.00215332
108 0.00214736 -0.00214737
109 0.00211499 -0.00211688
110 0.00207944 -0.00208298
111 0.0020101 -0.00201041
112 0.00193225 -0.00192966
113 0.0018189 -0.00181552
114 0.00167376 -0.00167425
115 0.00152917 -0.00152341
116 0.00136914 -0.00137141
117 0.00116605 -0.00115449
118 0.000968615 -0.000960189
119 0.000775485 -0.000768002
120 0.000557703 -0.000555271
121 0.00045017 -0.000455978
122 0.000277978 -0.000275239
123 0.000204652 -0.000199792
124 0.00019294 -0.000194349
125 0.000138204 -0.00013469
126 0.000212925 -0.000209771
127 0.000200821 -0.000192587
128 0.000235836 -0.000230534
129 0.000299571 -0.000300102
130 0.000294392 -0.000294144
131 0.000329193 -0.000328633
132 0.000365583 -0.000363546
133 0.000392281 -0.000404194
134 0.000503194 -0.000503672
135 0.000575193 -0.000577402
136 0.000704172 -0.000715093
137 0.000878124 -0.000875421
138 0.00105263 -0.0010517
139 0.00128779 -0.00128229
140 0.00152441 -0.00152347
141 0.00175649 -0.00175632
142 0.0020105 -0.00201968
143 0.00228907 -0.00228234
144 0.00250342 -0.00249918
145 0.00272452 -0.00272379
146 0.0029065 -0.00291262
147 0.00308658 -0.00308179
148 0.00323511 -0.00324455
149 0.00333721 -0.00334634
150 0.00346413 -0.0034593
151 0.00355664 -0.00355343
152 0.00360618 -0.00359676
153 0.00368586 -0.00367181
154 0.00369466 -0.00369838
155 0.00374631 -0.00374562
156 0.00378843 -0.00379067
157 0.00380532 -0.00380578
158 0.00386067 -0.0038552
159 0.00387548 -0.0038867
160 0.00391101 -0.00391874
161 0.00395943 -0.00395729
162 0.00395735 -0.00394978
163 0.00393739 -0.00393599
164 0.00394229 -0.00393903
165 0.00390693 -0.00389881
166 0.0038936 -0.00389081
167 0.00388792 -0.00388234
168 0.00386536 -0.00386466
169 0.0039164 -0.00391951
170 0.00394355 -0.00393879
171 0.00404023 -0.00403684
172 0.00414053 -0.00413897
173 0.00420542 -0.00420051
174 0.00433527 -0.00433737
175 0.00443388 -0.00442934
176 0.00455877 -0.00456245
177 0.00466396 -0.00466262
178 0.00477898 -0.00478486
179 0.0048653 -0.00487294
180 0.00497039 -0.00496013
181 0.00507876 -0.00507357
182 0.00512244 -0.00512276
183 0.00523271 -0.00522639
184 0.00528462 -0.00528472
185 0.00533664 -0.00533923
186 0.00546207 -0.0054646
187 0.00554262 -0.00554085
188 0.00562973 -0.0056249
189 0.00576585 -0.00575456
190 0.00583332 -0.00583724
191 0.0059845 -0.00598096
192 0.00606037 -0.0060576
193 0.00611903 -0.00612246
194 0.00622316 -0.00621656
195 0.00627479 -0.00627684
196 0.0063881 -0.00637807
197 0.0064599 -0.00646936
198 0.00656383 -0.00656169
199 0.00665668 -0.00665567
