1 1 -0.974207
2 0.974207 -0.947205
3 0.947205 -0.892814
4 0.892814 -0.823157
5 0.823157 -0.758915
6 0.758915 -0.681198
7 0.681198 -0.623622
8 0.623622 -0.572215
9 0.572215 -0.532632
10 0.532632 -0.503297
11 0.503297 -0.47882
12 0.47882 -0.461118
13 0.461118 -0.441151
14 0.441151 -0.425461
15 0.425461 -0.406601
16 0.406601 -0.392236
17 0.392236 -0.380621
18 0.380621 -0.371254
19 0.371254 -0.362841
20 0.362841 -0.354533
21 0.354533 -0.345104
22 0.345104 -0.332579
23 0.332579 -0.314992
24 0.314992 -0.290223
25 0.290223 -0.270778
26 0.270778 -0.254085
27 0.254085 -0.240749
28 0.240749 -0.234534
29 0.234534 -0.231161
30 0.231161 -0.231084
31 0.231084 -0.231777
32 0.231777 -0.233954
33 0.233954 -0.23391
34 0.23391 -0.23221
35 0.23221 -0.229927
36 0.229927 -0.225909
37 0.225909 -0.221401
38 0.221401 -0.218821
39 0.218821 -0.216563
40 0.216563 -0.214476
41 0.214476 -0.21152
42 0.21152 -0.209835
43 0.209835 -0.210558
44 0.210558 -0.210443
45 0.210443 -0.212631
46 0.212631 -0.215371
47 0.215371 -0.218432
48 0.218432 -0.223622
49 0.223622 -0.228901
50 0.228901 -0.236709
51 0.236709 -0.240481
52 0.240481 -0.243764
53 0.243764 -0.246367
54 0.246367 -0.243377
55 0.243377 -0.245328
56 0.245328 -0.245255
57 0.245255 -0.252311
58 0.252311 -0.262734
59 0.262734 -0.272329
60 0.272329 -0.281032
61 0.281032 -0.286579
62 0.286579 -0.290214
63 0.290214 -0.289477
64 0.289477 -0.289367
65 0.289367 -0.283104
66 0.283104 -0.274927
67 0.274927 -0.270455
68 0.270455 -0.2609
69 0.2609 -0.259783
70 0.259783 -0.254616
71 0.254616 -0.253176
72 0.253176 -0.250396
73 0.250396 -0.245376
74 0.245376 -0.241648
75 0.241648 -0.235576
76 0.235576 -0.230476
77 0.230476 -0.227316
78 0.227316 -0.223258
79 0.223258 -0.222655
80 0.222655 -0.221513
81 0.221513 -0.22323
82 0.22323 -0.225583
83 0.225583 -0.226033
84 0.226033 -0.227517
85 0.227517 -0.226911
86 0.226911 -0.227395
87 0.227395 -0.224604
88 0.224604 -0.220985
89 0.220985 -0.218626
90 0.218626 -0.21364
91 0.21364 -0.211359
92 0.211359 -0.20972
93 0.20972 -0.207628
94 0.207628 -0.209876
95 0.209876 -0.208334
96 0.208334 -0.209604
97 0.209604 -0.209475
98 0.209475 -0.208877
99 0.208877 -0.211011
100 0.211011 -0.20974
101 0.20974 -0.209107
102 0.209107 -0.211666
103 0.211666 -0.211005
104 0.211005 -0.213902
105 0.213902 -0.212341
106 0.212341 -0.214101
107 0.214101 -0.214023
108 0.214023 -0.213506
109 0.213506 -0.218136
110 0.218136 -0.222009
111 0.222009 -0.226231
112 0.226231 -0.231669
113 0.231669 -0.232563
114 0.232563 -0.237023
115 0.237023 -0.234797
116 0.234797 -0.234347
117 0.234347 -0.232284
118 0.232284 -0.230458
119 0.230458 -0.226928
120 0.226928 -0.226618
121 0.226618 -0.227554
122 0.227554 -0.231275
123 0.231275 -0.234811
124 0.234811 -0.235337
125 0.235337 -0.24335
126 0.24335 -0.243917
127 0.243917 -0.249532
128 0.249532 -0.250597
129 0.250597 -0.25211
130 0.25211 -0.256232
131 0.256232 -0.257965
132 0.257965 -0.251809
133 0.251809 -0.249466
134 0.249466 -0.245237
135 0.245237 -0.243114
136 0.243114 -0.245766
137 0.245766 -0.24748
138 0.24748 -0.250328
139 0.250328 -0.25064
140 0.25064 -0.251168
141 0.251168 -0.245293
142 0.245293 -0.242824
143 0.242824 -0.237492
144 0.237492 -0.231303
145 0.231303 -0.228796
146 0.228796 -0.2249
147 0.2249 -0.226258
148 0.226258 -0.228645
149 0.228645 -0.233563
150 0.233563 -0.23759
151 0.23759 -0.240945
152 0.240945 -0.24248
153 0.24248 -0.241181
154 0.241181 -0.237155
155 0.237155 -0.232785
156 0.232785 -0.227534
157 0.227534 -0.224147
158 0.224147 -0.224884
159 0.224884 -0.223233
160 0.223233 -0.224437
161 0.224437 -0.229596
162 0.229596 -0.228343
163 0.228343 -0.236491
164 0.236491 -0.240096
165 0.240096 -0.243868
166 0.243868 -0.251873
167 0.251873 -0.251344
168 0.251344 -0.254395
169 0.254395 -0.249978
170 0.249978 -0.249332
171 0.249332 -0.246161
172 0.246161 -0.245227
173 0.245227 -0.246551
174 0.246551 -0.247278
175 0.247278 -0.248533
176 0.248533 -0.249053
177 0.249053 -0.250252
178 0.250252 -0.251657
179 0.251657 -0.252967
180 0.252967 -0.250946
181 0.250946 -0.245042
182 0.245042 -0.237353
183 0.237353 -0.224919
184 0.224919 -0.213506
185 0.213506 -0.201158
186 0.201158 -0.196869
187 0.196869 -0.189527
188 0.189527 -0.187518
189 0.187518 -0.184635
190 0.184635 -0.181978
191 0.181978 -0.179621
192 0.179621 -0.176637
193 0.176637 -0.180789
194 0.180789 -0.182587
195 0.182587 -0.191353
196 0.191353 -0.201439
197 0.201439 -0.21124
198 0.21124 -0.220666
199 0.220666 -0.227207
200 0.227207 -0.231336
201 0.231336 -0.231742
202 0.231742 -0.231777
203 0.231777 -0.228135
204 0.228135 -0.223641
205 0.223641 -0.219132
206 0.219132 -0.21726
207 0.21726 -0.213682
208 0.213682 -0.210858
209 0.210858 -0.199572
210 0.199572 -0.194072
211 0.194072 -0.186045
212 0.186045 -0.174965
213 0.174965 -0.177747
214 0.177747 -0.177651
215 0.177651 -0.179117
216 0.179117 -0.190442
217 0.190442 -0.193661
218 0.193661 -0.20193
219 0.20193 -0.211821
220 0.211821 -0.216624
221 0.216624 -0.226377
222 0.226377 -0.233085
223 0.233085 -0.236565
224 0.236565 -0.24059
225 0.24059 -0.244236
226 0.244236 -0.24166
227 0.24166 -0.243866
228 0.243866 -0.243369
229 0.243369 -0.244989
230 0.244989 -0.247001
231 0.247001 -0.246405
232 0.246405 -0.249554
233 0.249554 -0.248162
234 0.248162 -0.245018
235 0.245018 -0.23665
236 0.23665 -0.23131
237 0.23131 -0.220943
238 0.220943 -0.210565
239 0.210565 -0.212385
240 0.212385 -0.205828
241 0.205828 -0.212026
242 0.212026 -0.215182
243 0.215182 -0.215897
244 0.215897 -0.221745
245 0.221745 -0.217479
246 0.217479 -0.21983
247 0.21983 -0.213445
248 0.213445 -0.212319
249 0.212319 -0.210346
250 0.210346 -0.203789
251 0.203789 -0.205384
252 0.205384 -0.199464
253 0.199464 -0.195197
254 0.195197 -0.195136
255 0.195136 -0.186515
256 0.186515 -0.190138
257 0.190138 -0.183007
258 0.183007 -0.185523
259 0.185523 -0.177098
260 0.177098 -0.170952
261 0.170952 -0.165791
262 0.165791 -0.154222
263 0.154222 -0.151463
264 0.151463 -0.144065
265 0.144065 -0.143136
266 0.143136 -0.143216
267 0.143216 -0.141881
268 0.141881 -0.146421
269 0.146421 -0.151685
270 0.151685 -0.159591
271 0.159591 -0.169063
272 0.169063 -0.173736
273 0.173736 -0.177097
274 0.177097 -0.183516
275 0.183516 -0.185397
276 0.185397 -0.190104
277 0.190104 -0.192466
278 0.192466 -0.195795
279 0.195795 -0.199777
280 0.199777 -0.201248
281 0.201248 -0.198893
282 0.198893 -0.201934
283 0.201934 -0.199263
284 0.199263 -0.193254
285 0.193254 -0.194065
286 0.194065 -0.185427
287 0.185427 -0.186786
288 0.186786 -0.184391
289 0.184391 -0.18746
290 0.18746 -0.195813
291 0.195813 -0.199307
292 0.199307 -0.2121
293 0.2121 -0.211045
294 0.211045 -0.221454
295 0.221454 -0.222478
296 0.222478 -0.216049
297 0.216049 -0.219703
298 0.219703 -0.209372
299 0.209372 -0.206684
300 0.206684 -0.203729
301 0.203729 -0.200135
302 0.200135 -0.200712
303 0.200712 -0.200937
304 0.200937 -0.196797
305 0.196797 -0.202646
306 0.202646 -0.202061
307 0.202061 -0.202037
308 0.202037 -0.204783
309 0.204783 -0.198383
310 0.198383 -0.201821
311 0.201821 -0.198405
312 0.198405 -0.199174
313 0.199174 -0.194214
314 0.194214 -0.19072
315 0.19072 -0.183147
316 0.183147 -0.174073
317 0.174073 -0.16814
318 0.16814 -0.156735
319 0.156735 -0.155493
320 0.155493 -0.153781
321 0.153781 -0.152077
322 0.152077 -0.155253
323 0.155253 -0.158047
324 0.158047 -0.159072
325 0.159072 -0.16273
326 0.16273 -0.16328
327 0.16328 -0.163904
328 0.163904 -0.167072
329 0.167072 -0.164537
330 0.164537 -0.165516
331 0.165516 -0.166198
332 0.166198 -0.164402
333 0.164402 -0.165032
334 0.165032 -0.162975
335 0.162975 -0.164441
336 0.164441 -0.160187
337 0.160187 -0.159119
338 0.159119 -0.158082
339 0.158082 -0.152582
340 0.152582 -0.151745
341 0.151745 -0.14691
342 0.14691 -0.150527
343 0.150527 -0.149332
344 0.149332 -0.157961
345 0.157961 -0.159292
346 0.159292 -0.165482
347 0.165482 -0.163087
348 0.163087 -0.163735
349 0.163735 -0.163576
350 0.163576 -0.161053
351 0.161053 -0.161985
352 0.161985 -0.162078
353 0.162078 -0.165305
354 0.165305 -0.166963
355 0.166963 -0.170233
356 0.170233 -0.170827
357 0.170827 -0.173288
358 0.173288 -0.171727
359 0.171727 -0.171199
360 0.171199 -0.167793
361 0.167793 -0.163031
362 0.163031 -0.160015
363 0.160015 -0.153172
364 0.153172 -0.153651
365 0.153651 -0.156966
366 0.156966 -0.157966
367 0.157966 -0.167831
368 0.167831 -0.172937
369 0.172937 -0.172269
370 0.172269 -0.175932
371 0.175932 -0.1684
372 0.1684 -0.167788
373 0.167788 -0.16578
374 0.16578 -0.164244
375 0.164244 -0.161616
376 0.161616 -0.161409
377 0.161409 -0.160485
378 0.160485 -0.154282
379 0.154282 -0.158677
380 0.158677 -0.151398
381 0.151398 -0.152699
382 0.152699 -0.144061
383 0.144061 -0.138586
384 0.138586 -0.136139
385 0.136139 -0.128111
386 0.128111 -0.132212
387 0.132212 -0.133059
388 0.133059 -0.135782
389 0.135782 -0.149335
390 0.149335 -0.149647
391 0.149647 -0.155091
392 0.155091 -0.159894
393 0.159894 -0.152505
394 0.152505 -0.157135
395 0.157135 -0.16027
396 0.16027 -0.15535
397 0.15535 -0.162506
398 0.162506 -0.155063
399 0.155063 -0.157466
400 0.157466 -0.160684
401 0.160684 -0.156157
402 0.156157 -0.168823
403 0.168823 -0.166791
404 0.166791 -0.172514
405 0.172514 -0.176458
406 0.176458 -0.180263
407 0.180263 -0.185046
408 0.185046 -0.186356
409 0.186356 -0.193043
410 0.193043 -0.193677
411 0.193677 -0.197346
412 0.197346 -0.198456
413 0.198456 -0.19231
414 0.19231 -0.196406
415 0.196406 -0.19659
416 0.19659 -0.202405
417 0.202405 -0.206487
418 0.206487 -0.211586
419 0.211586 -0.211595
420 0.211595 -0.213949
421 0.213949 -0.209753
422 0.209753 -0.204381
423 0.204381 -0.198404
424 0.198404 -0.189008
425 0.189008 -0.185388
426 0.185388 -0.176681
427 0.176681 -0.174795
428 0.174795 -0.171856
429 0.171856 -0.166232
430 0.166232 -0.166319
431 0.166319 -0.165231
432 0.165231 -0.172792
433 0.172792 -0.174911
434 0.174911 -0.182878
435 0.182878 -0.187416
436 0.187416 -0.189872
437 0.189872 -0.19286
438 0.19286 -0.19087
439 0.19087 -0.19361
440 0.19361 -0.187108
441 0.187108 -0.181538
442 0.181538 -0.176957
443 0.176957 -0.161265
444 0.161265 -0.161062
445 0.161062 -0.150769
446 0.150769 -0.152508
447 0.152508 -0.153701
448 0.153701 -0.148613
449 0.148613 -0.153745
450 0.153745 -0.150776
451 0.150776 -0.151311
452 0.151311 -0.150967
453 0.150967 -0.150721
454 0.150721 -0.149351
455 0.149351 -0.156003
456 0.156003 -0.152696
457 0.152696 -0.159496
458 0.159496 -0.168057
459 0.168057 -0.167515
460 0.167515 -0.182027
461 0.182027 -0.183913
462 0.183913 -0.189619
463 0.189619 -0.195051
464 0.195051 -0.190872
465 0.190872 -0.193388
466 0.193388 -0.19053
467 0.19053 -0.183217
468 0.183217 -0.183893
469 0.183893 -0.173565
470 0.173565 -0.172208
471 0.172208 -0.172821
472 0.172821 -0.163538
473 0.163538 -0.16491
474 0.16491 -0.158666
475 0.158666 -0.155308
476 0.155308 -0.152918
477 0.152918 -0.153418
478 0.153418 -0.154094
479 0.154094 -0.159179
480 0.159179 -0.162984
481 0.162984 -0.164729
482 0.164729 -0.1651
483 0.1651 -0.167917
484 0.167917 -0.165009
485 0.165009 -0.168741
486 0.168741 -0.163278
487 0.163278 -0.163843
488 0.163843 -0.159753
489 0.159753 -0.154358
490 0.154358 -0.155922
491 0.155922 -0.150218
492 0.150218 -0.148998
493 0.148998 -0.148534
494 0.148534 -0.145195
495 0.145195 -0.149157
496 0.149157 -0.145498
497 0.145498 -0.147177
498 0.147177 -0.148283
499 0.148283 -0.146283
500 0.146283 -0.150714
501 0.150714 -0.148411
502 0.148411 -0.154159
503 0.154159 -0.155684
504 0.155684 -0.163613
505 0.163613 -0.170099
506 0.170099 -0.181063
507 0.181063 -0.179627
508 0.179627 -0.18251
509 0.18251 -0.177989
510 0.177989 -0.166512
511 0.166512 -0.162569
512 0.162569 -0.148308
513 0.148308 -0.14248
514 0.14248 -0.132758
515 0.132758 -0.133087
516 0.133087 -0.129323
517 0.129323 -0.136198
518 0.136198 -0.142749
519 0.142749 -0.141562
520 0.141562 -0.153973
521 0.153973 -0.147904
522 0.147904 -0.152692
523 0.152692 -0.149442
524 0.149442 -0.146901
525 0.146901 -0.1422
526 0.1422 -0.140421
527 0.140421 -0.138137
528 0.138137 -0.138498
529 0.138498 -0.139463
530 0.139463 -0.136679
531 0.136679 -0.14391
532 0.14391 -0.140168
533 0.140168 -0.146608
534 0.146608 -0.150374
535 0.150374 -0.143278
536 0.143278 -0.148491
537 0.148491 -0.141671
538 0.141671 -0.135236
539 0.135236 -0.136859
540 0.136859 -0.131225
541 0.131225 -0.133996
542 0.133996 -0.140982
543 0.140982 -0.145497
544 0.145497 -0.155881
545 0.155881 -0.157963
546 0.157963 -0.160342
547 0.160342 -0.167851
548 0.167851 -0.162303
549 0.162303 -0.165626
550 0.165626 -0.163007
551 0.163007 -0.156331
552 0.156331 -0.160355
553 0.160355 -0.151376
554 0.151376 -0.145932
555 0.145932 -0.143516
556 0.143516 -0.134668
557 0.134668 -0.13368
558 0.13368 -0.124991
559 0.124991 -0.120644
560 0.120644 -0.119689
561 0.119689 -0.11268
562 0.11268 -0.11721
563 0.11721 -0.113194
564 0.113194 -0.112112
565 0.112112 -0.116891
566 0.116891 -0.111586
567 0.111586 -0.119284
568 0.119284 -0.122146
569 0.122146 -0.127483
570 0.127483 -0.136015
571 0.136015 -0.138095
572 0.138095 -0.140633
573 0.140633 -0.141771
574 0.141771 -0.13669
575 0.13669 -0.132271
576 0.132271 -0.129321
577 0.129321 -0.125318
578 0.125318 -0.125356
579 0.125356 -0.12543
580 0.12543 -0.124909
581 0.124909 -0.124932
582 0.124932 -0.12553
583 0.12553 -0.125644
584 0.125644 -0.124662
585 0.124662 -0.130446
586 0.130446 -0.132281
587 0.132281 -0.14084
588 0.14084 -0.138675
589 0.138675 -0.140278
590 0.140278 -0.134877
591 0.134877 -0.12802
592 0.12802 -0.121808
593 0.121808 -0.117563
594 0.117563 -0.119374
595 0.119374 -0.117088
596 0.117088 -0.126304
597 0.126304 -0.128008
598 0.128008 -0.138923
599 0.138923 -0.143517
600 0.143517 -0.141227
601 0.141227 -0.144319
602 0.144319 -0.132825
603 0.132825 -0.132074
604 0.132074 -0.128492
605 0.128492 -0.123376
606 0.123376 -0.127667
607 0.127667 -0.126783
608 0.126783 -0.136761
609 0.136761 -0.145496
610 0.145496 -0.154875
611 0.154875 -0.1619
612 0.1619 -0.168751
613 0.168751 -0.17125
614 0.17125 -0.175688
615 0.175688 -0.171686
616 0.171686 -0.169519
617 0.169519 -0.174497
618 0.174497 -0.166414
619 0.166414 -0.17496
620 0.17496 -0.18028
621 0.18028 -0.178817
622 0.178817 -0.19466
623 0.19466 -0.190724
624 0.190724 -0.19313
625 0.19313 -0.194719
626 0.194719 -0.180778
627 0.180778 -0.183597
628 0.183597 -0.177693
629 0.177693 -0.178326
630 0.178326 -0.179658
631 0.179658 -0.179216
632 0.179216 -0.178966
633 0.178966 -0.177238
634 0.177238 -0.17227
635 0.17227 -0.165261
636 0.165261 -0.160125
637 0.160125 -0.152038
638 0.152038 -0.144609
639 0.144609 -0.140701
640 0.140701 -0.13622
641 0.13622 -0.137115
642 0.137115 -0.131388
643 0.131388 -0.131205
644 0.131205 -0.127058
645 0.127058 -0.130254
646 0.130254 -0.13778
647 0.13778 -0.143415
648 0.143415 -0.15396
649 0.15396 -0.157238
650 0.157238 -0.156964
651 0.156964 -0.152218
652 0.152218 -0.144708
653 0.144708 -0.138117
654 0.138117 -0.132051
655 0.132051 -0.130434
656 0.130434 -0.130941
657 0.130941 -0.133873
658 0.133873 -0.135857
659 0.135857 -0.133609
660 0.133609 -0.123687
661 0.123687 -0.120458
662 0.120458 -0.108949
663 0.108949 -0.0995596
664 0.0995596 -0.0964455
665 0.0964455 -0.0891951
666 0.0891951 -0.0905971
667 0.0905971 -0.0972006
668 0.0972006 -0.100378
669 0.100378 -0.112887
670 0.112887 -0.121805
671 0.121805 -0.126246
672 0.126246 -0.135733
673 0.135733 -0.135388
674 0.135388 -0.136634
675 0.136634 -0.140159
676 0.140159 -0.138122
677 0.138122 -0.138884
678 0.138884 -0.138887
679 0.138887 -0.141239
680 0.141239 -0.146531
681 0.146531 -0.14322
682 0.14322 -0.152048
683 0.152048 -0.1495
684 0.1495 -0.149083
685 0.149083 -0.14808
686 0.14808 -0.143127
687 0.143127 -0.141919
688 0.141919 -0.133737
689 0.133737 -0.135441
690 0.135441 -0.129394
691 0.129394 -0.133861
692 0.133861 -0.134535
693 0.134535 -0.138779
694 0.138779 -0.145956
695 0.145956 -0.148549
696 0.148549 -0.152715
697 0.152715 -0.155168
698 0.155168 -0.161038
699 0.161038 -0.163734
700 0.163734 -0.168247
701 0.168247 -0.169614
702 0.169614 -0.164525
703 0.164525 -0.159946
704 0.159946 -0.154694
705 0.154694 -0.147844
706 0.147844 -0.141225
707 0.141225 -0.138949
708 0.138949 -0.127931
709 0.127931 -0.120654
710 0.120654 -0.115708
711 0.115708 -0.104518
712 0.104518 -0.104979
713 0.104979 -0.10337
714 0.10337 -0.106294
715 0.106294 -0.114772
716 0.114772 -0.116893
717 0.116893 -0.123977
718 0.123977 -0.130293
719 0.130293 -0.128774
720 0.128774 -0.136393
721 0.136393 -0.136144
722 0.136144 -0.140149
723 0.140149 -0.142523
724 0.142523 -0.141834
725 0.141834 -0.144096
726 0.144096 -0.141798
727 0.141798 -0.140651
728 0.140651 -0.137193
729 0.137193 -0.135885
730 0.135885 -0.134814
731 0.134814 -0.132213
732 0.132213 -0.135396
733 0.135396 -0.132309
734 0.132309 -0.131995
735 0.131995 -0.131543
736 0.131543 -0.123049
737 0.123049 -0.12497
738 0.12497 -0.119411
739 0.119411 -0.116694
740 0.116694 -0.119315
741 0.119315 -0.121564
742 0.121564 -0.126963
743 0.126963 -0.133101
744 0.133101 -0.135387
745 0.135387 -0.137622
746 0.137622 -0.140721
747 0.140721 -0.133934
748 0.133934 -0.138869
749 0.138869 -0.131396
750 0.131396 -0.135648
751 0.135648 -0.134508
752 0.134508 -0.13496
753 0.13496 -0.133327
754 0.133327 -0.135528
755 0.135528 -0.132891
756 0.132891 -0.136559
757 0.136559 -0.139455
758 0.139455 -0.141274
759 0.141274 -0.141388
760 0.141388 -0.139882
761 0.139882 -0.136402
762 0.136402 -0.128887
763 0.128887 -0.126849
764 0.126849 -0.117525
765 0.117525 -0.116118
766 0.116118 -0.113648
767 0.113648 -0.109636
768 0.109636 -0.110991
769 0.110991 -0.108097
770 0.108097 -0.1144
771 0.1144 -0.118385
772 0.118385 -0.123592
773 0.123592 -0.13435
774 0.13435 -0.13303
775 0.13303 -0.141793
776 0.141793 -0.139556
777 0.139556 -0.138951
778 0.138951 -0.140423
779 0.140423 -0.13093
780 0.13093 -0.127177
781 0.127177 -0.114313
782 0.114313 -0.108368
783 0.108368 -0.0967919
784 0.0967919 -0.093419
785 0.093419 -0.096184
786 0.096184 -0.0869169
787 0.0869169 -0.0965758
788 0.0965758 -0.0909799
789 0.0909799 -0.0935917
790 0.0935917 -0.0944745
791 0.0944745 -0.0950816
792 0.0950816 -0.0955852
793 0.0955852 -0.0920589
794 0.0920589 -0.0953182
795 0.0953182 -0.0892646
796 0.0892646 -0.0912644
797 0.0912644 -0.0908713
798 0.0908713 -0.0877086
799 0.0877086 -0.0883696
800 0.0883696 -0.0851863
801 0.0851863 -0.0855967
802 0.0855967 -0.0821248
803 0.0821248 -0.0855505
804 0.0855505 -0.0842548
805 0.0842548 -0.0863664
806 0.0863664 -0.0873773
807 0.0873773 -0.0830422
808 0.0830422 -0.0860712
809 0.0860712 -0.0825475
810 0.0825475 -0.0797879
811 0.0797879 -0.0813361
812 0.0813361 -0.0806387
813 0.0806387 -0.0832552
814 0.0832552 -0.0908145
815 0.0908145 -0.0908557
816 0.0908557 -0.100135
817 0.100135 -0.102726
818 0.102726 -0.109574
819 0.109574 -0.113131
820 0.113131 -0.116997
821 0.116997 -0.120974
822 0.120974 -0.122457
823 0.122457 -0.129335
824 0.129335 -0.127242
825 0.127242 -0.129657
826 0.129657 -0.127629
827 0.127629 -0.126441
828 0.126441 -0.130583
829 0.130583 -0.129711
830 0.129711 -0.13434
831 0.13434 -0.136768
832 0.136768 -0.139038
833 0.139038 -0.139749
834 0.139749 -0.143892
835 0.143892 -0.145693
836 0.145693 -0.144254
837 0.144254 -0.141763
838 0.141763 -0.133908
839 0.133908 -0.12819
840 0.12819 -0.125224
841 0.125224 -0.12119
842 0.12119 -0.117921
843 0.117921 -0.115725
844 0.115725 -0.115165
845 0.115165 -0.105071
846 0.105071 -0.10832
847 0.10832 -0.103736
848 0.103736 -0.0979737
849 0.0979737 -0.0993261
850 0.0993261 -0.0916348
851 0.0916348 -0.0928162
852 0.0928162 -0.0968282
853 0.0968282 -0.0905637
854 0.0905637 -0.09421
855 0.09421 -0.0887156
856 0.0887156 -0.0861076
857 0.0861076 -0.0843529
858 0.0843529 -0.0748268
859 0.0748268 -0.0658069
860 0.0658069 -0.0533443
861 0.0533443 -0.0467111
862 0.0467111 -0.035056
863 0.035056 -0.0343892
864 0.0343892 -0.0348058
865 0.0348058 -0.0327886
866 0.0327886 -0.0427823
867 0.0427823 -0.0471514
868 0.0471514 -0.0545401
869 0.0545401 -0.0669337
870 0.0669337 -0.0707357
871 0.0707357 -0.0777188
872 0.0777188 -0.0817015
873 0.0817015 -0.0787574
874 0.0787574 -0.0846787
875 0.0846787 -0.0841255
876 0.0841255 -0.0855831
877 0.0855831 -0.0860503
878 0.0860503 -0.0845413
879 0.0845413 -0.0878452
880 0.0878452 -0.0844753
881 0.0844753 -0.0888291
882 0.0888291 -0.0854194
883 0.0854194 -0.0881589
884 0.0881589 -0.0803479
885 0.0803479 -0.0772101
886 0.0772101 -0.0739818
887 0.0739818 -0.0695449
888 0.0695449 -0.0707115
889 0.0707115 -0.0776319
890 0.0776319 -0.0802016
891 0.0802016 -0.0927304
892 0.0927304 -0.0998304
893 0.0998304 -0.104444
894 0.104444 -0.112728
895 0.112728 -0.105593
896 0.105593 -0.104853
897 0.104853 -0.0980899
898 0.0980899 -0.0875673
899 0.0875673 -0.0885607
900 0.0885607 -0.0834485
901 0.0834485 -0.0884038
902 0.0884038 -0.0924341
903 0.0924341 -0.0956979
904 0.0956979 -0.102344
905 0.102344 -0.108211
906 0.108211 -0.10738
907 0.10738 -0.108295
908 0.108295 -0.106825
909 0.106825 -0.102877
910 0.102877 -0.100622
911 0.100622 -0.0947406
912 0.0947406 -0.0917275
913 0.0917275 -0.0861925
914 0.0861925 -0.0853212
915 0.0853212 -0.0805706
916 0.0805706 -0.0742986
917 0.0742986 -0.0766577
918 0.0766577 -0.0629278
919 0.0629278 -0.058103
920 0.058103 -0.0510175
921 0.0510175 -0.0398769
922 0.0398769 -0.0393565
923 0.0393565 -0.0316629
924 0.0316629 -0.0305088
925 0.0305088 -0.0289074
926 0.0289074 -0.0284058
927 0.0284058 -0.0307024
928 0.0307024 -0.0234401
929 0.0234401 -0.0300397
930 0.0300397 -0.0191866
931 0.0191866 -0.0208656
932 0.0208656 -0.0201796
933 0.0201796 -0.0141345
934 0.0141345 -0.0167144
935 0.0167144 -0.0152827
936 0.0152827 -0.0222997
937 0.0222997 -0.0191942
938 0.0191942 -0.0211305
939 0.0211305 -0.0320334
940 0.0320334 -0.0298024
941 0.0298024 -0.0415747
942 0.0415747 -0.0448894
943 0.0448894 -0.0476062
944 0.0476062 -0.0497591
945 0.0497591 -0.0502307
946 0.0502307 -0.0510212
947 0.0510212 -0.0541293
948 0.0541293 -0.0522498
949 0.0522498 -0.052946
950 0.052946 -0.055871
951 0.055871 -0.055251
952 0.055251 -0.0600806
953 0.0600806 -0.0596182
954 0.0596182 -0.0617696
955 0.0617696 -0.0593884
956 0.0593884 -0.0551008
957 0.0551008 -0.0563384
958 0.0563384 -0.0476379
959 0.0476379 -0.0494271
960 0.0494271 -0.0453533
961 0.0453533 -0.0428268
962 0.0428268 -0.0509737
963 0.0509737 -0.0518104
964 0.0518104 -0.0594366
965 0.0594366 -0.0696469
966 0.0696469 -0.065804
967 0.065804 -0.0790879
968 0.0790879 -0.0712986
969 0.0712986 -0.0733302
970 0.0733302 -0.07106
971 0.07106 -0.0651635
972 0.0651635 -0.0650179
973 0.0650179 -0.060146
974 0.060146 -0.0656467
975 0.0656467 -0.0595916
976 0.0595916 -0.0668137
977 0.0668137 -0.0684782
978 0.0684782 -0.0681896
979 0.0681896 -0.0804961
980 0.0804961 -0.0770749
981 0.0770749 -0.085709
982 0.085709 -0.0875923
983 0.0875923 -0.0833234
984 0.0833234 -0.094854
985 0.094854 -0.092684
986 0.092684 -0.0970779
987 0.0970779 -0.100959
988 0.100959 -0.102468
989 0.102468 -0.100308
990 0.100308 -0.0992022
991 0.0992022 -0.0919317
992 0.0919317 -0.0880415
993 0.0880415 -0.0842637
994 0.0842637 -0.0810102
995 0.0810102 -0.0800207
996 0.0800207 -0.0734812
997 0.0734812 -0.0722686
998 0.0722686 -0.0716567
999 0.0716567 -0.068564
