1 1 -0.999933
2 0.999933 -0.999865
3 0.999865 -0.999795
4 0.999795 -0.999723
5 0.999723 -0.999656
6 0.999656 -0.999563
7 0.999563 -0.999459
8 0.999459 -0.999384
9 0.999384 -0.999304
10 0.999304 -0.999246
11 0.999246 -0.999161
12 0.999161 -0.999071
13 0.999071 -0.999
14 0.999 -0.998919
15 0.998919 -0.998855
16 0.998855 -0.998773
17 0.998773 -0.998717
18 0.998717 -0.998622
19 0.998622 -0.99853
20 0.99853 -0.998455
21 0.998455 -0.998368
22 0.998368 -0.998288
23 0.998288 -0.998229
24 0.998229 -0.998199
25 0.998199 -0.998116
26 0.998116 -0.998029
27 0.998029 -0.997913
28 0.997913 -0.997865
29 0.997865 -0.99778
30 0.99778 -0.997716
31 0.997716 -0.997651
32 0.997651 -0.997592
33 0.997592 -0.997478
34 0.997478 -0.997355
35 0.997355 -0.997296
36 0.997296 -0.997205
37 0.997205 -0.997139
38 0.997139 -0.997078
39 0.997078 -0.997027
40 0.997027 -0.996933
41 0.996933 -0.996866
42 0.996866 -0.996782
43 0.996782 -0.996673
44 0.996673 -0.996544
45 0.996544 -0.996406
46 0.996406 -0.996287
47 0.996287 -0.996231
48 0.996231 -0.996156
49 0.996156 -0.996091
50 0.996091 -0.996034
51 0.996034 -0.995926
52 0.995926 -0.995821
53 0.995821 -0.995747
54 0.995747 -0.995708
55 0.995708 -0.995573
56 0.995573 -0.995457
57 0.995457 -0.995391
58 0.995391 -0.995321
59 0.995321 -0.995214
60 0.995214 -0.995152
61 0.995152 -0.995058
62 0.995058 -0.995009
63 0.995009 -0.994865
64 0.994865 -0.994768
65 0.994768 -0.994741
66 0.994741 -0.994713
67 0.994713 -0.994594
68 0.994594 -0.994517
69 0.994517 -0.994413
70 0.994413 -0.994308
71 0.994308 -0.994211
72 0.994211 -0.994142
73 0.994142 -0.994145
74 0.994145 -0.994114
75 0.994114 -0.994043
76 0.994043 -0.993974
77 0.993974 -0.993939
78 0.993939 -0.993923
79 0.993923 -0.99388
80 0.99388 -0.993882
81 0.993882 -0.993901
82 0.993901 -0.993802
83 0.993802 -0.993733
84 0.993733 -0.993659
85 0.993659 -0.993574
86 0.993574 -0.993598
87 0.993598 -0.993582
88 0.993582 -0.993584
89 0.993584 -0.993523
90 0.993523 -0.99344
91 0.99344 -0.993376
92 0.993376 -0.993263
93 0.993263 -0.993213
94 0.993213 -0.99313
95 0.99313 -0.993031
96 0.993031 -0.992961
97 0.992961 -0.992827
98 0.992827 -0.992717
99 0.992717 -0.992624
100 0.992624 -0.992483
101 0.992483 -0.992392
102 0.992392 -0.992261
103 0.992261 -0.992133
104 0.992133 -0.992074
105 0.992074 -0.991987
106 0.991987 -0.99191
107 0.99191 -0.991797
108 0.991797 -0.991669
109 0.991669 -0.99152
110 0.99152 -0.991365
111 0.991365 -0.991256
112 0.991256 -0.99125
113 0.99125 -0.991269
114 0.991269 -0.991262
115 0.991262 -0.991148
116 0.991148 -0.991048
117 0.991048 -0.990956
118 0.990956 -0.99087
119 0.99087 -0.990851
120 0.990851 -0.990886
121 0.990886 -0.99087
122 0.99087 -0.99082
123 0.99082 -0.990796
124 0.990796 -0.990669
125 0.990669 -0.990536
126 0.990536 -0.990426
127 0.990426 -0.990354
128 0.990354 -0.990359
129 0.990359 -0.990338
130 0.990338 -0.990229
131 0.990229 -0.990218
132 0.990218 -0.990166
133 0.990166 -0.990072
134 0.990072 -0.989955
135 0.989955 -0.98994
136 0.98994 -0.989812
137 0.989812 -0.98976
138 0.98976 -0.989604
139 0.989604 -0.989464
140 0.989464 -0.989419
141 0.989419 -0.989285
142 0.989285 -0.989259
143 0.989259 -0.989286
144 0.989286 -0.989327
145 0.989327 -0.989325
146 0.989325 -0.989337
147 0.989337 -0.989202
148 0.989202 -0.989077
149 0.989077 -0.988999
150 0.988999 -0.988982
151 0.988982 -0.988901
152 0.988901 -0.988917
153 0.988917 -0.988723
154 0.988723 -0.988582
155 0.988582 -0.988469
156 0.988469 -0.988377
157 0.988377 -0.988276
158 0.988276 -0.988017
159 0.988017 -0.987869
160 0.987869 -0.987817
161 0.987817 -0.987807
162 0.987807 -0.987744
163 0.987744 -0.987721
164 0.987721 -0.98772
165 0.98772 -0.987641
166 0.987641 -0.987537
167 0.987537 -0.98745
168 0.98745 -0.987359
169 0.987359 -0.987342
170 0.987342 -0.987275
171 0.987275 -0.987168
172 0.987168 -0.987166
173 0.987166 -0.987138
174 0.987138 -0.987041
175 0.987041 -0.986889
176 0.986889 -0.98683
177 0.98683 -0.986714
178 0.986714 -0.98658
179 0.98658 -0.986517
180 0.986517 -0.986413
181 0.986413 -0.986337
182 0.986337 -0.986226
183 0.986226 -0.986175
184 0.986175 -0.986057
185 0.986057 -0.985966
186 0.985966 -0.985944
187 0.985944 -0.985902
188 0.985902 -0.985823
189 0.985823 -0.985611
190 0.985611 -0.985456
191 0.985456 -0.985406
192 0.985406 -0.985348
193 0.985348 -0.985188
194 0.985188 -0.984989
195 0.984989 -0.984893
196 0.984893 -0.984907
197 0.984907 -0.984832
198 0.984832 -0.984754
199 0.984754 -0.984716
200 0.984716 -0.984583
201 0.984583 -0.984477
202 0.984477 -0.984405
203 0.984405 -0.984372
204 0.984372 -0.984274
205 0.984274 -0.984257
206 0.984257 -0.984106
207 0.984106 -0.984025
208 0.984025 -0.983934
209 0.983934 -0.983828
210 0.983828 -0.983812
211 0.983812 -0.983837
212 0.983837 -0.983845
213 0.983845 -0.983734
214 0.983734 -0.983505
215 0.983505 -0.983439
216 0.983439 -0.98341
217 0.98341 -0.983374
218 0.983374 -0.983321
219 0.983321 -0.983199
220 0.983199 -0.982976
221 0.982976 -0.982825
222 0.982825 -0.982794
223 0.982794 -0.982749
224 0.982749 -0.982654
225 0.982654 -0.982456
226 0.982456 -0.982291
227 0.982291 -0.98234
228 0.98234 -0.982349
229 0.982349 -0.982319
230 0.982319 -0.98231
231 0.98231 -0.982222
232 0.982222 -0.982161
233 0.982161 -0.982167
234 0.982167 -0.982064
235 0.982064 -0.981893
236 0.981893 -0.981737
237 0.981737 -0.981733
238 0.981733 -0.981615
239 0.981615 -0.981558
240 0.981558 -0.98158
241 0.98158 -0.981599
242 0.981599 -0.981507
243 0.981507 -0.981554
244 0.981554 -0.981466
245 0.981466 -0.981386
246 0.981386 -0.981377
247 0.981377 -0.9813
248 0.9813 -0.981232
249 0.981232 -0.981042
250 0.981042 -0.980909
251 0.980909 -0.980746
252 0.980746 -0.980518
253 0.980518 -0.980342
254 0.980342 -0.980163
255 0.980163 -0.980065
256 0.980065 -0.980078
257 0.980078 -0.979987
258 0.979987 -0.97984
259 0.97984 -0.979642
260 0.979642 -0.979541
261 0.979541 -0.979498
262 0.979498 -0.979559
263 0.979559 -0.979459
264 0.979459 -0.979383
265 0.979383 -0.979239
266 0.979239 -0.979096
267 0.979096 -0.979134
268 0.979134 -0.979154
269 0.979154 -0.979235
270 0.979235 -0.979149
271 0.979149 -0.979127
272 0.979127 -0.979077
273 0.979077 -0.979076
274 0.979076 -0.97902
275 0.97902 -0.978963
276 0.978963 -0.978807
277 0.978807 -0.978636
278 0.978636 -0.978576
279 0.978576 -0.978506
280 0.978506 -0.978487
281 0.978487 -0.978478
282 0.978478 -0.978525
283 0.978525 -0.9784
284 0.9784 -0.978378
285 0.978378 -0.978235
286 0.978235 -0.97815
287 0.97815 -0.978019
288 0.978019 -0.977823
289 0.977823 -0.977696
290 0.977696 -0.977663
291 0.977663 -0.977628
292 0.977628 -0.977544
293 0.977544 -0.977544
294 0.977544 -0.977523
295 0.977523 -0.977503
296 0.977503 -0.977436
297 0.977436 -0.977361
298 0.977361 -0.977282
299 0.977282 -0.977117
300 0.977117 -0.976994
301 0.976994 -0.976937
302 0.976937 -0.976918
303 0.976918 -0.976997
304 0.976997 -0.976974
305 0.976974 -0.976904
306 0.976904 -0.976813
307 0.976813 -0.976793
308 0.976793 -0.976654
309 0.976654 -0.976595
310 0.976595 -0.976572
311 0.976572 -0.97643
312 0.97643 -0.976456
313 0.976456 -0.976502
314 0.976502 -0.976379
315 0.976379 -0.976217
316 0.976217 -0.976
317 0.976 -0.975883
318 0.975883 -0.975703
319 0.975703 -0.975477
320 0.975477 -0.975194
321 0.975194 -0.975042
322 0.975042 -0.974924
323 0.974924 -0.974605
324 0.974605 -0.974602
325 0.974602 -0.974605
326 0.974605 -0.974479
327 0.974479 -0.974372
328 0.974372 -0.974342
329 0.974342 -0.974251
330 0.974251 -0.974197
331 0.974197 -0.9742
332 0.9742 -0.974092
333 0.974092 -0.974131
334 0.974131 -0.974063
335 0.974063 -0.973986
336 0.973986 -0.973941
337 0.973941 -0.973746
338 0.973746 -0.97369
339 0.97369 -0.973609
340 0.973609 -0.973604
341 0.973604 -0.973583
342 0.973583 -0.973564
343 0.973564 -0.973646
344 0.973646 -0.973699
345 0.973699 -0.973767
346 0.973767 -0.973803
347 0.973803 -0.973758
348 0.973758 -0.973781
349 0.973781 -0.973718
350 0.973718 -0.973611
351 0.973611 -0.973486
352 0.973486 -0.973389
353 0.973389 -0.973347
354 0.973347 -0.973359
355 0.973359 -0.973232
356 0.973232 -0.973204
357 0.973204 -0.973041
358 0.973041 -0.97284
359 0.97284 -0.972584
360 0.972584 -0.972367
361 0.972367 -0.972234
362 0.972234 -0.972207
363 0.972207 -0.972101
364 0.972101 -0.972068
365 0.972068 -0.972025
366 0.972025 -0.971826
367 0.971826 -0.971796
368 0.971796 -0.971858
369 0.971858 -0.971853
370 0.971853 -0.971747
371 0.971747 -0.971737
372 0.971737 -0.971758
373 0.971758 -0.971786
374 0.971786 -0.971769
375 0.971769 -0.971726
376 0.971726 -0.971893
377 0.971893 -0.971796
378 0.971796 -0.971557
379 0.971557 -0.971436
380 0.971436 -0.971302
381 0.971302 -0.971303
382 0.971303 -0.9713
383 0.9713 -0.971305
384 0.971305 -0.971372
385 0.971372 -0.971296
386 0.971296 -0.971217
387 0.971217 -0.97105
388 0.97105 -0.970988
389 0.970988 -0.971031
390 0.971031 -0.970927
391 0.970927 -0.970827
392 0.970827 -0.970676
393 0.970676 -0.97061
394 0.97061 -0.970597
395 0.970597 -0.970498
396 0.970498 -0.970452
397 0.970452 -0.970393
398 0.970393 -0.97044
399 0.97044 -0.970532
400 0.970532 -0.970648
401 0.970648 -0.970628
402 0.970628 -0.970421
403 0.970421 -0.97027
404 0.97027 -0.970341
405 0.970341 -0.970299
406 0.970299 -0.970196
407 0.970196 -0.970103
408 0.970103 -0.970077
409 0.970077 -0.969996
410 0.969996 -0.969926
411 0.969926 -0.96991
412 0.96991 -0.969694
413 0.969694 -0.969544
414 0.969544 -0.969425
415 0.969425 -0.969268
416 0.969268 -0.969161
417 0.969161 -0.969162
418 0.969162 -0.969021
419 0.969021 -0.969046
420 0.969046 -0.969015
421 0.969015 -0.96891
422 0.96891 -0.96889
423 0.96889 -0.968889
424 0.968889 -0.968795
425 0.968795 -0.968785
426 0.968785 -0.968763
427 0.968763 -0.96866
428 0.96866 -0.968604
429 0.968604 -0.968524
430 0.968524 -0.968275
431 0.968275 -0.968088
432 0.968088 -0.967982
433 0.967982 -0.967798
434 0.967798 -0.967646
435 0.967646 -0.967499
436 0.967499 -0.967518
437 0.967518 -0.967638
438 0.967638 -0.967673
439 0.967673 -0.967564
440 0.967564 -0.967439
441 0.967439 -0.967391
442 0.967391 -0.967204
443 0.967204 -0.967069
444 0.967069 -0.96689
445 0.96689 -0.966907
446 0.966907 -0.96679
447 0.96679 -0.966843
448 0.966843 -0.966686
449 0.966686 -0.966598
450 0.966598 -0.966419
451 0.966419 -0.966203
452 0.966203 -0.965909
453 0.965909 -0.965728
454 0.965728 -0.965762
455 0.965762 -0.965827
456 0.965827 -0.96563
457 0.96563 -0.965283
458 0.965283 -0.965115
459 0.965115 -0.964871
460 0.964871 -0.964704
461 0.964704 -0.964754
462 0.964754 -0.964796
463 0.964796 -0.96472
464 0.96472 -0.964499
465 0.964499 -0.964427
466 0.964427 -0.964409
467 0.964409 -0.964344
468 0.964344 -0.964254
469 0.964254 -0.964177
470 0.964177 -0.964197
471 0.964197 -0.964232
472 0.964232 -0.964118
473 0.964118 -0.964037
474 0.964037 -0.963709
475 0.963709 -0.963637
476 0.963637 -0.963475
477 0.963475 -0.963391
478 0.963391 -0.963366
479 0.963366 -0.963369
480 0.963369 -0.963229
481 0.963229 -0.963119
482 0.963119 -0.963043
483 0.963043 -0.962999
484 0.962999 -0.96295
485 0.96295 -0.962855
486 0.962855 -0.962843
487 0.962843 -0.962775
488 0.962775 -0.962692
489 0.962692 -0.962475
490 0.962475 -0.962321
491 0.962321 -0.962269
492 0.962269 -0.962292
493 0.962292 -0.962347
494 0.962347 -0.962337
495 0.962337 -0.962318
496 0.962318 -0.962364
497 0.962364 -0.962113
498 0.962113 -0.961977
499 0.961977 -0.96178
