1 1 -0.998805
2 0.998805 -0.997618
3 0.997618 -0.996676
4 0.996676 -0.995495
5 0.995495 -0.994335
6 0.994335 -0.992856
7 0.992856 -0.99151
8 0.99151 -0.99045
9 0.99045 -0.989077
10 0.989077 -0.988009
11 0.988009 -0.987084
12 0.987084 -0.985963
13 0.985963 -0.985123
14 0.985123 -0.983911
15 0.983911 -0.982896
16 0.982896 -0.981636
17 0.981636 -0.980588
18 0.980588 -0.979081
19 0.979081 -0.97713
20 0.97713 -0.97523
21 0.97523 -0.974049
22 0.974049 -0.973313
23 0.973313 -0.972592
24 0.972592 -0.972155
25 0.972155 -0.970883
26 0.970883 -0.970563
27 0.970563 -0.969448
28 0.969448 -0.968196
29 0.968196 -0.9676
30 0.9676 -0.96658
31 0.96658 -0.965335
32 0.965335 -0.964379
33 0.964379 -0.96329
34 0.96329 -0.962198
35 0.962198 -0.960739
36 0.960739 -0.959625
37 0.959625 -0.958949
38 0.958949 -0.958242
39 0.958242 -0.957018
40 0.957018 -0.956192
41 0.956192 -0.955255
42 0.955255 -0.95314
43 0.95314 -0.95155
44 0.95155 -0.950326
45 0.950326 -0.949862
46 0.949862 -0.948416
47 0.948416 -0.946236
48 0.946236 -0.945158
49 0.945158 -0.943909
50 0.943909 -0.94277
51 0.94277 -0.941631
52 0.941631 -0.940901
53 0.940901 -0.939795
54 0.939795 -0.938358
55 0.938358 -0.937742
56 0.937742 -0.936338
57 0.936338 -0.935004
58 0.935004 -0.933511
59 0.933511 -0.93249
60 0.93249 -0.931983
61 0.931983 -0.931499
62 0.931499 -0.93091
63 0.93091 -0.930097
64 0.930097 -0.928469
65 0.928469 -0.927923
66 0.927923 -0.927186
67 0.927186 -0.925193
68 0.925193 -0.923235
69 0.923235 -0.921603
70 0.921603 -0.92126
71 0.92126 -0.921507
72 0.921507 -0.92078
73 0.92078 -0.919143
74 0.919143 -0.917841
75 0.917841 -0.916522
76 0.916522 -0.915388
77 0.915388 -0.914279
78 0.914279 -0.91276
79 0.91276 -0.911744
80 0.911744 -0.909797
81 0.909797 -0.90793
82 0.90793 -0.906481
83 0.906481 -0.905728
84 0.905728 -0.904754
85 0.904754 -0.903644
86 0.903644 -0.902455
87 0.902455 -0.901543
88 0.901543 -0.900662
89 0.900662 -0.900082
90 0.900082 -0.900702
91 0.900702 -0.900176
92 0.900176 -0.898926
93 0.898926 -0.897959
94 0.897959 -0.897474
95 0.897474 -0.896976
96 0.896976 -0.896102
97 0.896102 -0.896122
98 0.896122 -0.89535
99 0.89535 -0.894182
100 0.894182 -0.893537
101 0.893537 -0.89361
102 0.89361 -0.89296
103 0.89296 -0.891511
104 0.891511 -0.889773
105 0.889773 -0.889538
106 0.889538 -0.889668
107 0.889668 -0.888551
108 0.888551 -0.887168
109 0.887168 -0.885506
110 0.885506 -0.884208
111 0.884208 -0.882124
112 0.882124 -0.881375
113 0.881375 -0.880323
114 0.880323 -0.87943
115 0.87943 -0.878365
116 0.878365 -0.878062
117 0.878062 -0.877283
118 0.877283 -0.877253
119 0.877253 -0.876276
120 0.876276 -0.875905
121 0.875905 -0.874758
122 0.874758 -0.873344
123 0.873344 -0.871684
124 0.871684 -0.870026
125 0.870026 -0.869889
126 0.869889 -0.86905
127 0.86905 -0.868553
128 0.868553 -0.867819
129 0.867819 -0.866925
130 0.866925 -0.865503
131 0.865503 -0.863881
132 0.863881 -0.862081
133 0.862081 -0.860931
134 0.860931 -0.860189
135 0.860189 -0.859691
136 0.859691 -0.857622
137 0.857622 -0.85644
138 0.85644 -0.855361
139 0.855361 -0.854089
140 0.854089 -0.853498
141 0.853498 -0.852711
142 0.852711 -0.852111
143 0.852111 -0.852681
144 0.852681 -0.852499
145 0.852499 -0.85133
146 0.85133 -0.8512
147 0.8512 -0.84989
148 0.84989 -0.847746
149 0.847746 -0.846337
150 0.846337 -0.843767
151 0.843767 -0.843364
152 0.843364 -0.843046
153 0.843046 -0.843771
154 0.843771 -0.842731
155 0.842731 -0.843541
156 0.843541 -0.842865
157 0.842865 -0.841405
158 0.841405 -0.84074
159 0.84074 -0.84059
160 0.84059 -0.839374
161 0.839374 -0.83945
162 0.83945 -0.839269
163 0.839269 -0.83753
164 0.83753 -0.836059
165 0.836059 -0.835025
166 0.835025 -0.833281
167 0.833281 -0.832047
168 0.832047 -0.831559
169 0.831559 -0.830085
170 0.830085 -0.827915
171 0.827915 -0.824644
172 0.824644 -0.823057
173 0.823057 -0.821948
174 0.821948 -0.822176
175 0.822176 -0.822007
176 0.822007 -0.822972
177 0.822972 -0.822741
178 0.822741 -0.821418
179 0.821418 -0.820652
180 0.820652 -0.819351
181 0.819351 -0.818044
182 0.818044 -0.817475
183 0.817475 -0.816836
184 0.816836 -0.815594
185 0.815594 -0.814128
186 0.814128 -0.813785
187 0.813785 -0.81363
188 0.81363 -0.813028
189 0.813028 -0.811304
190 0.811304 -0.809808
191 0.809808 -0.809262
192 0.809262 -0.808001
193 0.808001 -0.807077
194 0.807077 -0.804689
195 0.804689 -0.803796
196 0.803796 -0.802056
197 0.802056 -0.801226
198 0.801226 -0.80026
199 0.80026 -0.798192
200 0.798192 -0.796193
201 0.796193 -0.794894
202 0.794894 -0.794404
203 0.794404 -0.792749
204 0.792749 -0.790952
205 0.790952 -0.79054
206 0.79054 -0.790314
207 0.790314 -0.790809
208 0.790809 -0.788753
209 0.788753 -0.787216
210 0.787216 -0.787799
211 0.787799 -0.787148
212 0.787148 -0.786098
213 0.786098 -0.785785
214 0.785785 -0.784786
215 0.784786 -0.783441
216 0.783441 -0.782428
217 0.782428 -0.782203
218 0.782203 -0.780192
219 0.780192 -0.778886
220 0.778886 -0.779288
221 0.779288 -0.777834
222 0.777834 -0.777567
223 0.777567 -0.777414
224 0.777414 -0.776618
225 0.776618 -0.775977
226 0.775977 -0.775806
227 0.775806 -0.774204
228 0.774204 -0.772642
229 0.772642 -0.770735
230 0.770735 -0.768235
231 0.768235 -0.767207
232 0.767207 -0.766689
233 0.766689 -0.766552
234 0.766552 -0.766537
235 0.766537 -0.765176
236 0.765176 -0.762788
237 0.762788 -0.760298
238 0.760298 -0.759952
239 0.759952 -0.758362
240 0.758362 -0.758244
241 0.758244 -0.757573
242 0.757573 -0.756403
243 0.756403 -0.754924
244 0.754924 -0.755142
245 0.755142 -0.755645
246 0.755645 -0.756609
247 0.756609 -0.75702
248 0.75702 -0.75754
249 0.75754 -0.757333
250 0.757333 -0.756101
251 0.756101 -0.754325
252 0.754325 -0.753155
253 0.753155 -0.752608
254 0.752608 -0.752177
255 0.752177 -0.751771
256 0.751771 -0.751707
257 0.751707 -0.751592
258 0.751592 -0.751522
259 0.751522 -0.750576
260 0.750576 -0.749617
261 0.749617 -0.74836
262 0.74836 -0.748337
263 0.748337 -0.748029
264 0.748029 -0.748907
265 0.748907 -0.748387
266 0.748387 -0.747639
267 0.747639 -0.746186
268 0.746186 -0.745587
269 0.745587 -0.744953
270 0.744953 -0.744484
271 0.744484 -0.743657
272 0.743657 -0.742566
273 0.742566 -0.74095
274 0.74095 -0.739684
275 0.739684 -0.738708
276 0.738708 -0.737912
277 0.737912 -0.736919
278 0.736919 -0.736772
279 0.736772 -0.737415
280 0.737415 -0.736698
281 0.736698 -0.735187
282 0.735187 -0.734296
283 0.734296 -0.73376
284 0.73376 -0.73226
285 0.73226 -0.732231
286 0.732231 -0.731152
287 0.731152 -0.729209
288 0.729209 -0.727052
289 0.727052 -0.724454
290 0.724454 -0.723134
291 0.723134 -0.722598
292 0.722598 -0.722695
293 0.722695 -0.722237
294 0.722237 -0.723214
295 0.723214 -0.722734
296 0.722734 -0.721789
297 0.721789 -0.720625
298 0.720625 -0.719538
299 0.719538 -0.718119
300 0.718119 -0.716886
301 0.716886 -0.717075
302 0.717075 -0.71554
303 0.71554 -0.715052
304 0.715052 -0.714777
305 0.714777 -0.71324
306 0.71324 -0.711269
307 0.711269 -0.710602
308 0.710602 -0.709872
309 0.709872 -0.709756
310 0.709756 -0.709208
311 0.709208 -0.707712
312 0.707712 -0.70555
313 0.70555 -0.705418
314 0.705418 -0.703855
315 0.703855 -0.702206
316 0.702206 -0.700699
317 0.700699 -0.698722
318 0.698722 -0.699175
319 0.699175 -0.700981
320 0.700981 -0.699479
321 0.699479 -0.698646
322 0.698646 -0.696152
323 0.696152 -0.694635
324 0.694635 -0.692383
325 0.692383 -0.691224
326 0.691224 -0.689642
327 0.689642 -0.689151
328 0.689151 -0.688582
329 0.688582 -0.687667
330 0.687667 -0.688197
331 0.688197 -0.689188
332 0.689188 -0.688928
333 0.688928 -0.68838
334 0.68838 -0.687721
335 0.687721 -0.686068
336 0.686068 -0.685056
337 0.685056 -0.684543
338 0.684543 -0.68389
339 0.68389 -0.683325
340 0.683325 -0.681313
341 0.681313 -0.679918
342 0.679918 -0.680115
343 0.680115 -0.680237
344 0.680237 -0.679034
345 0.679034 -0.679495
346 0.679495 -0.678614
347 0.678614 -0.67881
348 0.67881 -0.678898
349 0.678898 -0.67877
350 0.67877 -0.678903
351 0.678903 -0.677746
352 0.677746 -0.676212
353 0.676212 -0.674922
354 0.674922 -0.673728
355 0.673728 -0.673382
356 0.673382 -0.673008
357 0.673008 -0.671841
358 0.671841 -0.671996
359 0.671996 -0.671574
360 0.671574 -0.668918
361 0.668918 -0.667362
362 0.667362 -0.665957
363 0.665957 -0.665297
364 0.665297 -0.66516
365 0.66516 -0.665029
366 0.665029 -0.662693
367 0.662693 -0.662279
368 0.662279 -0.662173
369 0.662173 -0.659618
370 0.659618 -0.659296
371 0.659296 -0.660163
372 0.660163 -0.659995
373 0.659995 -0.659708
374 0.659708 -0.658899
375 0.658899 -0.659608
376 0.659608 -0.659549
377 0.659549 -0.659297
378 0.659297 -0.659769
379 0.659769 -0.658566
380 0.658566 -0.657721
381 0.657721 -0.656566
382 0.656566 -0.656099
383 0.656099 -0.655373
384 0.655373 -0.654576
385 0.654576 -0.654037
386 0.654037 -0.652778
387 0.652778 -0.651621
388 0.651621 -0.650928
389 0.650928 -0.650163
390 0.650163 -0.648842
391 0.648842 -0.650343
392 0.650343 -0.651316
393 0.651316 -0.652084
394 0.652084 -0.653481
395 0.653481 -0.654334
396 0.654334 -0.65432
397 0.65432 -0.656394
398 0.656394 -0.6559
399 0.6559 -0.655327
400 0.655327 -0.654372
401 0.654372 -0.653268
402 0.653268 -0.652332
403 0.652332 -0.650459
404 0.650459 -0.651376
405 0.651376 -0.651315
406 0.651315 -0.651534
407 0.651534 -0.650511
408 0.650511 -0.651079
409 0.651079 -0.649105
410 0.649105 -0.647453
411 0.647453 -0.645708
412 0.645708 -0.645118
413 0.645118 -0.64358
414 0.64358 -0.64318
415 0.64318 -0.642748
416 0.642748 -0.641801
417 0.641801 -0.642016
418 0.642016 -0.643658
419 0.643658 -0.644725
420 0.644725 -0.643986
421 0.643986 -0.645206
422 0.645206 -0.644379
423 0.644379 -0.643886
424 0.643886 -0.643689
425 0.643689 -0.641963
426 0.641963 -0.640222
427 0.640222 -0.640297
428 0.640297 -0.641332
429 0.641332 -0.641547
430 0.641547 -0.640737
431 0.640737 -0.639326
432 0.639326 -0.639277
433 0.639277 -0.638879
434 0.638879 -0.636231
435 0.636231 -0.635302
436 0.635302 -0.634961
437 0.634961 -0.634439
438 0.634439 -0.633944
439 0.633944 -0.633175
440 0.633175 -0.632858
441 0.632858 -0.632516
442 0.632516 -0.63162
443 0.63162 -0.631213
444 0.631213 -0.630898
445 0.630898 -0.630761
446 0.630761 -0.629398
447 0.629398 -0.627317
448 0.627317 -0.625984
449 0.625984 -0.626012
450 0.626012 -0.625768
451 0.625768 -0.627282
452 0.627282 -0.627913
453 0.627913 -0.627152
454 0.627152 -0.626873
455 0.626873 -0.624869
456 0.624869 -0.62429
457 0.62429 -0.622273
458 0.622273 -0.622009
459 0.622009 -0.621592
460 0.621592 -0.622082
461 0.622082 -0.620377
462 0.620377 -0.620033
463 0.620033 -0.618762
464 0.618762 -0.618029
465 0.618029 -0.617466
466 0.617466 -0.616373
467 0.616373 -0.616468
468 0.616468 -0.61723
469 0.61723 -0.616959
470 0.616959 -0.615727
471 0.615727 -0.616207
472 0.616207 -0.616131
473 0.616131 -0.615132
474 0.615132 -0.614167
475 0.614167 -0.613116
476 0.613116 -0.611453
477 0.611453 -0.609207
478 0.609207 -0.608676
479 0.608676 -0.60846
480 0.60846 -0.609204
481 0.609204 -0.610441
482 0.610441 -0.611922
483 0.611922 -0.611091
484 0.611091 -0.610117
485 0.610117 -0.610049
486 0.610049 -0.610609
487 0.610609 -0.610472
488 0.610472 -0.609904
489 0.609904 -0.610315
490 0.610315 -0.609498
491 0.609498 -0.609759
492 0.609759 -0.609221
493 0.609221 -0.609105
494 0.609105 -0.607754
495 0.607754 -0.606671
496 0.606671 -0.604253
497 0.604253 -0.601946
498 0.601946 -0.60214
499 0.60214 -0.600409
