1 1 -0.972956
2 0.972956 -0.94286
3 0.94286 -0.887014
4 0.887014 -0.817161
5 0.817161 -0.754407
6 0.754407 -0.681929
7 0.681929 -0.617954
8 0.617954 -0.557488
9 0.557488 -0.499974
10 0.499974 -0.450231
11 0.450231 -0.405949
12 0.405949 -0.368356
13 0.368356 -0.334664
14 0.334664 -0.304126
15 0.304126 -0.275446
16 0.275446 -0.251077
17 0.251077 -0.229454
18 0.229454 -0.212633
19 0.212633 -0.199982
20 0.199982 -0.189845
21 0.189845 -0.183232
22 0.183232 -0.178214
23 0.178214 -0.175425
24 0.175425 -0.173146
25 0.173146 -0.171544
26 0.171544 -0.172195
27 0.172195 -0.173145
28 0.173145 -0.174086
29 0.174086 -0.175098
30 0.175098 -0.17529
31 0.17529 -0.175786
32 0.175786 -0.17731
33 0.17731 -0.178757
34 0.178757 -0.180747
35 0.180747 -0.182535
36 0.182535 -0.183713
37 0.183713 -0.186824
38 0.186824 -0.190015
39 0.190015 -0.192933
40 0.192933 -0.195229
41 0.195229 -0.196562
42 0.196562 -0.197737
43 0.197737 -0.198854
44 0.198854 -0.19907
45 0.19907 -0.201131
46 0.201131 -0.204799
47 0.204799 -0.20842
48 0.20842 -0.213903
49 0.213903 -0.219651
50 0.219651 -0.223998
51 0.223998 -0.229677
52 0.229677 -0.23273
53 0.23273 -0.235555
54 0.235555 -0.238044
55 0.238044 -0.240314
56 0.240314 -0.242175
57 0.242175 -0.244644
58 0.244644 -0.246856
59 0.246856 -0.248997
60 0.248997 -0.251048
61 0.251048 -0.251515
62 0.251515 -0.251713
63 0.251713 -0.250834
64 0.250834 -0.250186
65 0.250186 -0.25074
66 0.25074 -0.250201
67 0.250201 -0.250273
68 0.250273 -0.249872
69 0.249872 -0.247721
70 0.247721 -0.247479
71 0.247479 -0.247556
72 0.247556 -0.246252
73 0.246252 -0.24515
74 0.24515 -0.243166
75 0.243166 -0.241031
76 0.241031 -0.23997
77 0.23997 -0.239402
78 0.239402 -0.240709
79 0.240709 -0.242539
80 0.242539 -0.244575
81 0.244575 -0.246366
82 0.246366 -0.246942
83 0.246942 -0.247614
84 0.247614 -0.247055
85 0.247055 -0.244307
86 0.244307 -0.242252
87 0.242252 -0.239345
88 0.239345 -0.235405
89 0.235405 -0.233242
90 0.233242 -0.229194
91 0.229194 -0.22589
92 0.22589 -0.222584
93 0.222584 -0.220051
94 0.220051 -0.218082
95 0.218082 -0.217366
96 0.217366 -0.217299
97 0.217299 -0.215845
98 0.215845 -0.215306
99 0.215306 -0.21523
100 0.21523 -0.214895
101 0.214895 -0.215859
102 0.215859 -0.216155
103 0.216155 -0.21533
104 0.21533 -0.215445
105 0.215445 -0.21578
106 0.21578 -0.215924
107 0.215924 -0.215479
108 0.215479 -0.215159
109 0.215159 -0.215238
110 0.215238 -0.215395
111 0.215395 -0.216701
112 0.216701 -0.218727
113 0.218727 -0.220315
114 0.220315 -0.222939
115 0.222939 -0.224406
116 0.224406 -0.225146
117 0.225146 -0.225901
118 0.225901 -0.226214
119 0.226214 -0.226987
120 0.226987 -0.227215
121 0.227215 -0.227434
122 0.227434 -0.227183
123 0.227183 -0.225268
124 0.225268 -0.22331
125 0.22331 -0.221395
126 0.221395 -0.220284
127 0.220284 -0.219636
128 0.219636 -0.220381
129 0.220381 -0.2214
130 0.2214 -0.221632
131 0.221632 -0.222072
132 0.222072 -0.220018
133 0.220018 -0.219041
134 0.219041 -0.218061
135 0.218061 -0.216215
136 0.216215 -0.216428
137 0.216428 -0.214936
138 0.214936 -0.214824
139 0.214824 -0.214607
140 0.214607 -0.21524
141 0.21524 -0.215341
142 0.215341 -0.217208
143 0.217208 -0.218405
144 0.218405 -0.221477
145 0.221477 -0.223313
146 0.223313 -0.223229
147 0.223229 -0.224785
148 0.224785 -0.224614
149 0.224614 -0.226662
150 0.226662 -0.22802
151 0.22802 -0.229137
152 0.229137 -0.229789
153 0.229789 -0.228415
154 0.228415 -0.227079
155 0.227079 -0.224946
156 0.224946 -0.222788
157 0.222788 -0.221435
158 0.221435 -0.219008
159 0.219008 -0.217545
160 0.217545 -0.216974
161 0.216974 -0.217218
162 0.217218 -0.21599
163 0.21599 -0.216638
164 0.216638 -0.21494
165 0.21494 -0.215039
166 0.215039 -0.214036
167 0.214036 -0.213301
168 0.213301 -0.214334
169 0.214334 -0.214198
170 0.214198 -0.213723
171 0.213723 -0.214356
172 0.214356 -0.211585
173 0.211585 -0.211419
174 0.211419 -0.211869
175 0.211869 -0.211336
176 0.211336 -0.214694
177 0.214694 -0.214893
178 0.214893 -0.216233
179 0.216233 -0.217531
180 0.217531 -0.216036
181 0.216036 -0.217141
182 0.217141 -0.214459
183 0.214459 -0.213554
184 0.213554 -0.211879
185 0.211879 -0.209044
186 0.209044 -0.20833
187 0.20833 -0.206231
188 0.206231 -0.205891
189 0.205891 -0.206099
190 0.206099 -0.205887
191 0.205887 -0.20579
192 0.20579 -0.205011
193 0.205011 -0.20446
194 0.20446 -0.203552
195 0.203552 -0.201533
196 0.201533 -0.201936
197 0.201936 -0.200727
198 0.200727 -0.199916
199 0.199916 -0.200958
200 0.200958 -0.201474
201 0.201474 -0.203899
202 0.203899 -0.207097
203 0.207097 -0.208174
204 0.208174 -0.209444
205 0.209444 -0.208016
206 0.208016 -0.205166
207 0.205166 -0.20444
208 0.20444 -0.201032
209 0.201032 -0.200939
210 0.200939 -0.199976
211 0.199976 -0.199628
212 0.199628 -0.20083
213 0.20083 -0.199914
214 0.199914 -0.200486
215 0.200486 -0.201668
216 0.201668 -0.201285
217 0.201285 -0.202696
218 0.202696 -0.202824
219 0.202824 -0.202834
220 0.202834 -0.202699
221 0.202699 -0.203386
222 0.203386 -0.203578
223 0.203578 -0.204688
224 0.204688 -0.206523
225 0.206523 -0.207407
226 0.207407 -0.207512
227 0.207512 -0.209106
228 0.209106 -0.208355
229 0.208355 -0.208384
230 0.208384 -0.208374
231 0.208374 -0.205524
232 0.205524 -0.205315
233 0.205315 -0.201884
234 0.201884 -0.201615
235 0.201615 -0.197542
236 0.197542 -0.194678
237 0.194678 -0.192938
238 0.192938 -0.191109
239 0.191109 -0.189581
240 0.189581 -0.187138
241 0.187138 -0.18451
242 0.18451 -0.180985
243 0.180985 -0.179413
244 0.179413 -0.178154
245 0.178154 -0.177432
246 0.177432 -0.179016
247 0.179016 -0.179179
248 0.179179 -0.181918
249 0.181918 -0.182684
250 0.182684 -0.184678
251 0.184678 -0.187356
252 0.187356 -0.188484
253 0.188484 -0.191991
254 0.191991 -0.192736
255 0.192736 -0.192883
256 0.192883 -0.192634
257 0.192634 -0.19098
258 0.19098 -0.19023
259 0.19023 -0.189548
260 0.189548 -0.187979
261 0.187979 -0.190133
262 0.190133 -0.188065
263 0.188065 -0.1879
264 0.1879 -0.187456
265 0.187456 -0.187749
266 0.187749 -0.188973
267 0.188973 -0.189169
268 0.189169 -0.190015
269 0.190015 -0.19101
270 0.19101 -0.191118
271 0.191118 -0.19079
272 0.19079 -0.188028
273 0.188028 -0.188984
274 0.188984 -0.188427
275 0.188427 -0.188095
276 0.188095 -0.187344
277 0.187344 -0.186624
278 0.186624 -0.187921
279 0.187921 -0.187833
280 0.187833 -0.189323
281 0.189323 -0.188852
282 0.188852 -0.18869
283 0.18869 -0.188053
284 0.188053 -0.18588
285 0.18588 -0.184613
286 0.184613 -0.184143
287 0.184143 -0.183153
288 0.183153 -0.18226
289 0.18226 -0.182363
290 0.182363 -0.183107
291 0.183107 -0.183836
292 0.183836 -0.186122
293 0.186122 -0.186141
294 0.186141 -0.187774
295 0.187774 -0.189549
296 0.189549 -0.190805
297 0.190805 -0.193143
298 0.193143 -0.192657
299 0.192657 -0.19314
300 0.19314 -0.191554
301 0.191554 -0.189502
302 0.189502 -0.187508
303 0.187508 -0.18424
304 0.18424 -0.183546
305 0.183546 -0.180349
306 0.180349 -0.179295
307 0.179295 -0.177336
308 0.177336 -0.176988
309 0.176988 -0.177472
310 0.177472 -0.180026
311 0.180026 -0.181535
312 0.181535 -0.183743
313 0.183743 -0.185525
314 0.185525 -0.184034
315 0.184034 -0.1843
316 0.1843 -0.182255
317 0.182255 -0.183516
318 0.183516 -0.183909
319 0.183909 -0.184718
320 0.184718 -0.186998
321 0.186998 -0.187864
322 0.187864 -0.191371
323 0.191371 -0.191053
324 0.191053 -0.189627
325 0.189627 -0.189626
326 0.189626 -0.18761
327 0.18761 -0.187899
328 0.187899 -0.185782
329 0.185782 -0.18426
330 0.18426 -0.183219
331 0.183219 -0.181856
332 0.181856 -0.180122
333 0.180122 -0.181895
334 0.181895 -0.181969
335 0.181969 -0.182299
336 0.182299 -0.183595
337 0.183595 -0.181699
338 0.181699 -0.181993
339 0.181993 -0.181005
340 0.181005 -0.177223
341 0.177223 -0.177912
342 0.177912 -0.17454
343 0.17454 -0.173798
344 0.173798 -0.173751
345 0.173751 -0.173102
346 0.173102 -0.173417
347 0.173417 -0.171295
348 0.171295 -0.171667
349 0.171667 -0.170969
350 0.170969 -0.169113
351 0.169113 -0.171129
352 0.171129 -0.170383
353 0.170383 -0.171084
354 0.171084 -0.171651
355 0.171651 -0.172279
356 0.172279 -0.17338
357 0.17338 -0.171874
358 0.171874 -0.171513
359 0.171513 -0.17046
360 0.17046 -0.16844
361 0.16844 -0.16821
362 0.16821 -0.167341
363 0.167341 -0.16727
364 0.16727 -0.168034
365 0.168034 -0.166542
366 0.166542 -0.165537
367 0.165537 -0.165989
368 0.165989 -0.164922
369 0.164922 -0.166373
370 0.166373 -0.166874
371 0.166874 -0.170095
372 0.170095 -0.172235
373 0.172235 -0.17342
374 0.17342 -0.176002
375 0.176002 -0.177131
376 0.177131 -0.178814
377 0.178814 -0.179302
378 0.179302 -0.178655
379 0.178655 -0.177765
380 0.177765 -0.174367
381 0.174367 -0.173068
382 0.173068 -0.172617
383 0.172617 -0.171952
384 0.171952 -0.172532
385 0.172532 -0.170875
386 0.170875 -0.169018
387 0.169018 -0.16661
388 0.16661 -0.16557
389 0.16557 -0.163679
390 0.163679 -0.162446
391 0.162446 -0.160771
392 0.160771 -0.160373
393 0.160373 -0.160255
394 0.160255 -0.159979
395 0.159979 -0.161189
396 0.161189 -0.160953
397 0.160953 -0.163533
398 0.163533 -0.165526
399 0.165526 -0.166008
400 0.166008 -0.169245
401 0.169245 -0.169091
402 0.169091 -0.171811
403 0.171811 -0.174271
404 0.174271 -0.176321
405 0.176321 -0.17892
406 0.17892 -0.17918
407 0.17918 -0.181165
408 0.181165 -0.181696
409 0.181696 -0.180976
410 0.180976 -0.182099
411 0.182099 -0.179283
412 0.179283 -0.179162
413 0.179162 -0.176643
414 0.176643 -0.173397
415 0.173397 -0.172309
416 0.172309 -0.167157
417 0.167157 -0.165446
418 0.165446 -0.164999
419 0.164999 -0.164344
420 0.164344 -0.165332
421 0.165332 -0.165266
422 0.165266 -0.163632
423 0.163632 -0.164449
424 0.164449 -0.16222
425 0.16222 -0.16202
426 0.16202 -0.163131
427 0.163131 -0.162962
428 0.162962 -0.16455
429 0.16455 -0.163552
430 0.163552 -0.162966
431 0.162966 -0.162235
432 0.162235 -0.162715
433 0.162715 -0.16152
434 0.16152 -0.162202
435 0.162202 -0.160472
436 0.160472 -0.15905
437 0.15905 -0.157987
438 0.157987 -0.156491
439 0.156491 -0.155475
440 0.155475 -0.154252
441 0.154252 -0.156784
442 0.156784 -0.155938
443 0.155938 -0.158948
444 0.158948 -0.160539
445 0.160539 -0.161201
446 0.161201 -0.162454
447 0.162454 -0.161505
448 0.161505 -0.161965
449 0.161965 -0.159652
450 0.159652 -0.160102
451 0.160102 -0.156204
452 0.156204 -0.155116
453 0.155116 -0.152713
454 0.152713 -0.15108
455 0.15108 -0.150053
456 0.150053 -0.148053
457 0.148053 -0.147754
458 0.147754 -0.145694
459 0.145694 -0.143359
460 0.143359 -0.142996
461 0.142996 -0.1417
462 0.1417 -0.143298
463 0.143298 -0.143271
464 0.143271 -0.143061
465 0.143061 -0.143835
466 0.143835 -0.14316
467 0.14316 -0.144791
468 0.144791 -0.147045
469 0.147045 -0.147245
470 0.147245 -0.147361
471 0.147361 -0.145366
472 0.145366 -0.142739
473 0.142739 -0.140151
474 0.140151 -0.13759
475 0.13759 -0.136458
476 0.136458 -0.134603
477 0.134603 -0.135559
478 0.135559 -0.134936
479 0.134936 -0.136758
480 0.136758 -0.137486
481 0.137486 -0.138221
482 0.138221 -0.140725
483 0.140725 -0.139368
484 0.139368 -0.14096
485 0.14096 -0.141576
486 0.141576 -0.141639
487 0.141639 -0.141125
488 0.141125 -0.142567
489 0.142567 -0.141695
490 0.141695 -0.141268
491 0.141268 -0.141272
492 0.141272 -0.141048
493 0.141048 -0.142351
494 0.142351 -0.143643
495 0.143643 -0.145712
496 0.145712 -0.147522
497 0.147522 -0.149705
498 0.149705 -0.150808
499 0.150808 -0.150823
500 0.150823 -0.149554
501 0.149554 -0.151332
502 0.151332 -0.150239
503 0.150239 -0.152055
504 0.152055 -0.152997
505 0.152997 -0.153376
506 0.153376 -0.15419
507 0.15419 -0.1543
508 0.1543 -0.155197
509 0.155197 -0.155667
510 0.155667 -0.155719
511 0.155719 -0.156465
512 0.156465 -0.156273
513 0.156273 -0.154668
514 0.154668 -0.154126
515 0.154126 -0.153149
516 0.153149 -0.152241
517 0.152241 -0.152288
518 0.152288 -0.149965
519 0.149965 -0.149766
520 0.149766 -0.146946
521 0.146946 -0.146225
522 0.146225 -0.143891
523 0.143891 -0.140831
524 0.140831 -0.140375
525 0.140375 -0.137417
526 0.137417 -0.137022
527 0.137022 -0.137396
528 0.137396 -0.137368
529 0.137368 -0.138189
530 0.138189 -0.137212
531 0.137212 -0.138374
532 0.138374 -0.137515
533 0.137515 -0.135787
534 0.135787 -0.13643
535 0.13643 -0.134804
536 0.134804 -0.133824
537 0.133824 -0.13218
538 0.13218 -0.130748
539 0.130748 -0.129702
540 0.129702 -0.128733
541 0.128733 -0.127767
542 0.127767 -0.128467
543 0.128467 -0.128406
544 0.128406 -0.129691
545 0.129691 -0.130714
546 0.130714 -0.131794
547 0.131794 -0.131808
548 0.131808 -0.134358
549 0.134358 -0.13381
550 0.13381 -0.133552
551 0.133552 -0.133687
552 0.133687 -0.133251
553 0.133251 -0.133265
554 0.133265 -0.134432
555 0.134432 -0.13497
556 0.13497 -0.134143
557 0.134143 -0.133912
558 0.133912 -0.135034
559 0.135034 -0.134755
560 0.134755 -0.137268
561 0.137268 -0.139422
562 0.139422 -0.14075
563 0.14075 -0.142565
564 0.142565 -0.142647
565 0.142647 -0.14065
566 0.14065 -0.141491
567 0.141491 -0.138941
568 0.138941 -0.138628
569 0.138628 -0.137826
570 0.137826 -0.137417
571 0.137417 -0.135994
572 0.135994 -0.134167
573 0.134167 -0.133937
574 0.133937 -0.131426
575 0.131426 -0.129869
576 0.129869 -0.130224
577 0.130224 -0.130023
578 0.130023 -0.128778
579 0.128778 -0.128641
580 0.128641 -0.127738
581 0.127738 -0.124693
582 0.124693 -0.125103
583 0.125103 -0.12339
584 0.12339 -0.124135
585 0.124135 -0.125761
586 0.125761 -0.124805
587 0.124805 -0.12781
588 0.12781 -0.1274
589 0.1274 -0.126218
590 0.126218 -0.126504
591 0.126504 -0.125356
592 0.125356 -0.12639
593 0.12639 -0.12791
594 0.12791 -0.128813
595 0.128813 -0.130392
596 0.130392 -0.130923
597 0.130923 -0.129578
598 0.129578 -0.128335
599 0.128335 -0.128312
600 0.128312 -0.127768
601 0.127768 -0.128055
602 0.128055 -0.128024
603 0.128024 -0.128291
604 0.128291 -0.127471
605 0.127471 -0.127608
606 0.127608 -0.126593
607 0.126593 -0.125479
608 0.125479 -0.125152
609 0.125152 -0.125196
610 0.125196 -0.124792
611 0.124792 -0.125001
612 0.125001 -0.125993
613 0.125993 -0.124139
614 0.124139 -0.12509
615 0.12509 -0.12378
616 0.12378 -0.122844
617 0.122844 -0.123315
618 0.123315 -0.122516
619 0.122516 -0.123299
620 0.123299 -0.123509
621 0.123509 -0.123376
622 0.123376 -0.122492
623 0.122492 -0.121349
624 0.121349 -0.12027
625 0.12027 -0.116729
626 0.116729 -0.116083
627 0.116083 -0.115508
628 0.115508 -0.115832
629 0.115832 -0.116109
630 0.116109 -0.118628
631 0.118628 -0.119308
632 0.119308 -0.121337
633 0.121337 -0.122536
634 0.122536 -0.124386
635 0.124386 -0.125586
636 0.125586 -0.125026
637 0.125026 -0.12798
638 0.12798 -0.126035
639 0.126035 -0.125926
640 0.125926 -0.126862
641 0.126862 -0.126769
642 0.126769 -0.127998
643 0.127998 -0.129275
644 0.129275 -0.130446
645 0.130446 -0.130517
646 0.130517 -0.131083
647 0.131083 -0.132322
648 0.132322 -0.130353
649 0.130353 -0.130977
650 0.130977 -0.129963
651 0.129963 -0.128154
652 0.128154 -0.126488
653 0.126488 -0.124138
654 0.124138 -0.121391
655 0.121391 -0.118745
656 0.118745 -0.115872
657 0.115872 -0.114943
658 0.114943 -0.11258
659 0.11258 -0.113038
660 0.113038 -0.112619
661 0.112619 -0.113754
662 0.113754 -0.111885
663 0.111885 -0.112237
664 0.112237 -0.11114
665 0.11114 -0.110173
666 0.110173 -0.109984
667 0.109984 -0.108363
668 0.108363 -0.107184
669 0.107184 -0.1056
670 0.1056 -0.104955
671 0.104955 -0.103426
672 0.103426 -0.102944
673 0.102944 -0.10172
674 0.10172 -0.101013
675 0.101013 -0.101665
676 0.101665 -0.102324
677 0.102324 -0.104023
678 0.104023 -0.106045
679 0.106045 -0.108514
680 0.108514 -0.109568
681 0.109568 -0.110823
682 0.110823 -0.111341
683 0.111341 -0.114369
684 0.114369 -0.113903
685 0.113903 -0.116423
686 0.116423 -0.115051
687 0.115051 -0.113553
688 0.113553 -0.113864
689 0.113864 -0.111233
690 0.111233 -0.111105
691 0.111105 -0.111671
692 0.111671 -0.109341
693 0.109341 -0.111029
694 0.111029 -0.108041
695 0.108041 -0.106592
696 0.106592 -0.105543
697 0.105543 -0.102608
698 0.102608 -0.104059
699 0.104059 -0.104058
700 0.104058 -0.103254
701 0.103254 -0.105608
702 0.105608 -0.106113
703 0.106113 -0.1065
704 0.1065 -0.107782
705 0.107782 -0.106745
706 0.106745 -0.108311
707 0.108311 -0.108078
708 0.108078 -0.109609
709 0.109609 -0.108429
710 0.108429 -0.110395
711 0.110395 -0.109318
712 0.109318 -0.109533
713 0.109533 -0.111338
714 0.111338 -0.108998
715 0.108998 -0.109662
716 0.109662 -0.106567
717 0.106567 -0.105635
718 0.105635 -0.10348
719 0.10348 -0.100879
720 0.100879 -0.103438
721 0.103438 -0.101122
722 0.101122 -0.102885
723 0.102885 -0.104451
724 0.104451 -0.104633
725 0.104633 -0.104932
726 0.104932 -0.104888
727 0.104888 -0.105137
728 0.105137 -0.103096
729 0.103096 -0.104212
730 0.104212 -0.101441
731 0.101441 -0.0992854
732 0.0992854 -0.0975307
733 0.0975307 -0.0931612
734 0.0931612 -0.0922414
735 0.0922414 -0.0897631
736 0.0897631 -0.0871043
737 0.0871043 -0.0888208
738 0.0888208 -0.0880022
739 0.0880022 -0.0894399
740 0.0894399 -0.0908003
741 0.0908003 -0.0924108
742 0.0924108 -0.0939123
743 0.0939123 -0.0955131
744 0.0955131 -0.0969908
745 0.0969908 -0.0969704
746 0.0969704 -0.0988824
747 0.0988824 -0.0995489
748 0.0995489 -0.101278
749 0.101278 -0.101483
750 0.101483 -0.0991903
751 0.0991903 -0.10021
752 0.10021 -0.100068
753 0.100068 -0.0990754
754 0.0990754 -0.0995152
755 0.0995152 -0.0973048
756 0.0973048 -0.0954814
757 0.0954814 -0.0942254
758 0.0942254 -0.0916399
759 0.0916399 -0.0911024
760 0.0911024 -0.0894559
761 0.0894559 -0.0879807
762 0.0879807 -0.0868414
763 0.0868414 -0.0862588
764 0.0862588 -0.0857774
765 0.0857774 -0.0862224
766 0.0862224 -0.0880156
767 0.0880156 -0.087387
768 0.087387 -0.0892124
769 0.0892124 -0.089368
770 0.089368 -0.0907289
771 0.0907289 -0.0942084
772 0.0942084 -0.0953426
773 0.0953426 -0.097704
774 0.097704 -0.0988922
775 0.0988922 -0.0990667
776 0.0990667 -0.100166
777 0.100166 -0.0985641
778 0.0985641 -0.0989095
779 0.0989095 -0.0991879
780 0.0991879 -0.0985606
781 0.0985606 -0.100313
782 0.100313 -0.100461
783 0.100461 -0.100341
784 0.100341 -0.101336
785 0.101336 -0.0993998
786 0.0993998 -0.0994452
787 0.0994452 -0.0975188
788 0.0975188 -0.0955048
789 0.0955048 -0.0927718
790 0.0927718 -0.0912247
791 0.0912247 -0.0897835
792 0.0897835 -0.0890771
793 0.0890771 -0.0869443
794 0.0869443 -0.0844185
795 0.0844185 -0.0817821
796 0.0817821 -0.0792516
797 0.0792516 -0.0780493
798 0.0780493 -0.078015
799 0.078015 -0.0782082
800 0.0782082 -0.079962
801 0.079962 -0.0814294
802 0.0814294 -0.0821224
803 0.0821224 -0.0836269
804 0.0836269 -0.0839574
805 0.0839574 -0.085042
806 0.085042 -0.085887
807 0.085887 -0.0845704
808 0.0845704 -0.0852399
809 0.0852399 -0.0847632
810 0.0847632 -0.0850589
811 0.0850589 -0.085324
812 0.085324 -0.0840942
813 0.0840942 -0.0847096
814 0.0847096 -0.0833509
815 0.0833509 -0.0828005
816 0.0828005 -0.08227
817 0.08227 -0.0804054
818 0.0804054 -0.0806158
819 0.0806158 -0.0804956
820 0.0804956 -0.0793399
821 0.0793399 -0.0811601
822 0.0811601 -0.0786256
823 0.0786256 -0.0800296
824 0.0800296 -0.0809655
825 0.0809655 -0.0793442
826 0.0793442 -0.0804289
827 0.0804289 -0.0787241
828 0.0787241 -0.0778517
829 0.0778517 -0.0791908
830 0.0791908 -0.0768922
831 0.0768922 -0.0802398
832 0.0802398 -0.0794833
833 0.0794833 -0.0820589
834 0.0820589 -0.0818847
835 0.0818847 -0.082471
836 0.082471 -0.0845248
837 0.0845248 -0.0836743
838 0.0836743 -0.0853299
839 0.0853299 -0.0872482
840 0.0872482 -0.0857116
841 0.0857116 -0.0868949
842 0.0868949 -0.0850799
843 0.0850799 -0.0847792
844 0.0847792 -0.0838143
845 0.0838143 -0.0833148
846 0.0833148 -0.0821806
847 0.0821806 -0.0818891
848 0.0818891 -0.0797803
849 0.0797803 -0.0790697
850 0.0790697 -0.078307
851 0.078307 -0.0777193
852 0.0777193 -0.0789312
853 0.0789312 -0.0796683
854 0.0796683 -0.0807634
855 0.0807634 -0.0853231
856 0.0853231 -0.0862328
857 0.0862328 -0.0878858
858 0.0878858 -0.0890699
859 0.0890699 -0.0871148
860 0.0871148 -0.0869715
861 0.0869715 -0.0821836
862 0.0821836 -0.0800662
863 0.0800662 -0.0766844
864 0.0766844 -0.0722676
865 0.0722676 -0.0728317
866 0.0728317 -0.0703095
867 0.0703095 -0.0712059
868 0.0712059 -0.0709415
869 0.0709415 -0.0721508
870 0.0721508 -0.0716909
871 0.0716909 -0.070737
872 0.070737 -0.0724523
873 0.0724523 -0.0705096
874 0.0705096 -0.0718059
875 0.0718059 -0.0719709
876 0.0719709 -0.0723808
877 0.0723808 -0.0740949
878 0.0740949 -0.0734781
879 0.0734781 -0.0737716
880 0.0737716 -0.0737638
881 0.0737638 -0.0721094
882 0.0721094 -0.0707406
883 0.0707406 -0.0678335
884 0.0678335 -0.0666501
885 0.0666501 -0.0618451
886 0.0618451 -0.0593878
887 0.0593878 -0.0579416
888 0.0579416 -0.0526224
889 0.0526224 -0.0536435
890 0.0536435 -0.0511777
891 0.0511777 -0.0506822
892 0.0506822 -0.0519944
893 0.0519944 -0.0522826
894 0.0522826 -0.0553711
895 0.0553711 -0.0562024
896 0.0562024 -0.0571064
897 0.0571064 -0.0577359
898 0.0577359 -0.059184
899 0.059184 -0.0568415
900 0.0568415 -0.0602799
901 0.0602799 -0.0601285
902 0.0601285 -0.061919
903 0.061919 -0.0664071
904 0.0664071 -0.0700145
905 0.0700145 -0.0746071
906 0.0746071 -0.0768777
907 0.0768777 -0.0773607
908 0.0773607 -0.0769537
909 0.0769537 -0.0750548
910 0.0750548 -0.0747501
911 0.0747501 -0.0747853
912 0.0747853 -0.0763993
913 0.0763993 -0.0771232
914 0.0771232 -0.0773341
915 0.0773341 -0.0775115
916 0.0775115 -0.0771896
917 0.0771896 -0.075701
918 0.075701 -0.074186
919 0.074186 -0.0711909
920 0.0711909 -0.0701315
921 0.0701315 -0.0686891
922 0.0686891 -0.0696153
923 0.0696153 -0.0689995
924 0.0689995 -0.0690675
925 0.0690675 -0.068246
926 0.068246 -0.0671631
927 0.0671631 -0.0668866
928 0.0668866 -0.0662396
929 0.0662396 -0.0655536
930 0.0655536 -0.0634872
931 0.0634872 -0.0628801
932 0.0628801 -0.0626759
933 0.0626759 -0.0617265
934 0.0617265 -0.0643919
935 0.0643919 -0.062728
936 0.062728 -0.063187
937 0.063187 -0.0632414
938 0.0632414 -0.0610371
939 0.0610371 -0.059559
940 0.059559 -0.0576886
941 0.0576886 -0.0564086
942 0.0564086 -0.0563595
943 0.0563595 -0.0561922
944 0.0561922 -0.0559108
945 0.0559108 -0.0558944
946 0.0558944 -0.0541914
947 0.0541914 -0.0546448
948 0.0546448 -0.0531726
949 0.0531726 -0.0517834
950 0.0517834 -0.053053
951 0.053053 -0.0516729
952 0.0516729 -0.0525094
953 0.0525094 -0.0526716
954 0.0526716 -0.0535538
955 0.0535538 -0.0552354
956 0.0552354 -0.0567023
957 0.0567023 -0.0585309
958 0.0585309 -0.0618381
959 0.0618381 -0.0644026
960 0.0644026 -0.0650945
961 0.0650945 -0.0665528
962 0.0665528 -0.065581
963 0.065581 -0.0653781
964 0.0653781 -0.0638619
965 0.0638619 -0.0628776
966 0.0628776 -0.0628518
967 0.0628518 -0.0602655
968 0.0602655 -0.0601581
969 0.0601581 -0.0588346
970 0.0588346 -0.0575881
971 0.0575881 -0.056255
972 0.056255 -0.0547794
973 0.0547794 -0.0552083
974 0.0552083 -0.0553226
975 0.0553226 -0.0579584
976 0.0579584 -0.0572954
977 0.0572954 -0.0625553
978 0.0625553 -0.0643929
979 0.0643929 -0.0664925
980 0.0664925 -0.0674195
981 0.0674195 -0.0661097
982 0.0661097 -0.0662072
983 0.0662072 -0.0624614
984 0.0624614 -0.0613013
985 0.0613013 -0.0590782
986 0.0590782 -0.0569118
987 0.0569118 -0.0561852
988 0.0561852 -0.0545528
989 0.0545528 -0.0524075
990 0.0524075 -0.0483121
991 0.0483121 -0.0460498
992 0.0460498 -0.0416395
993 0.0416395 -0.0404164
994 0.0404164 -0.0366886
995 0.0366886 -0.0358109
996 0.0358109 -0.0319718
997 0.0319718 -0.0311394
998 0.0311394 -0.0321228
999 0.0321228 -0.0309283
