1 0.73557 -0.72637
2 0.503978 -0.497439
3 0.283135 -0.279018
4 0.14889 -0.1485
5 0.0806885 -0.0799365
6 0.0451555 -0.0444559
7 0.029226 -0.0290437
8 0.022135 -0.021998
9 0.0152412 -0.015343
10 0.0106594 -0.0106535
11 0.0086581 -0.00867188
12 0.006758 -0.00669637
13 0.00590158 -0.00584392
14 0.00363019 -0.00355649
15 0.00275745 -0.00267005
16 0.00145139 -0.00141772
17 5.65059e-05 -5.00511e-05
18 -0.000204576 0.000225722
19 -0.000786835 0.000754335
20 -0.000826999 0.000796708
21 -0.00122489 0.00119833
22 -0.00162287 0.00159606
23 -0.00207035 0.00205619
24 -0.00207131 0.00202205
25 -0.00186018 0.00181913
26 -0.00172611 0.00172764
27 -0.00149317 0.00150962
28 -0.00166071 0.00162145
29 -0.00152643 0.00149142
30 -0.00134115 0.00130381
31 -0.00139809 0.00138108
32 -0.00131772 0.00131909
33 -0.00136445 0.00138939
34 -0.0015702 0.0015292
35 -0.00153847 0.00149443
36 -0.00143351 0.00140888
37 -0.00139229 0.00143258
38 -0.00142854 0.00147977
39 -0.00136799 0.00133967
40 -0.00136837 0.00133933
41 -0.00131638 0.00130573
42 -0.00134925 0.0013643
43 -0.00111581 0.00112268
44 -0.00078346 0.000757821
45 -0.000352653 0.000355114
46 -0.000149614 0.000156806
47 -0.000200809 0.000199978
48 -0.000283496 0.000260674
49 -0.00040859 0.000405048
50 -0.000427525 0.000470994
51 -0.000402372 0.000413565
52 -0.00041414 0.000400678
53 -0.000353863 0.00034246
54 -0.000472367 0.000440384
55 -0.00027009 0.000263315
56 -0.000492197 0.000455008
57 -0.00018992 0.000183547
58 5.10372e-05 -6.34877e-05
59 9.25472e-05 -8.5578e-05
60 1.63746e-05 -1.19809e-05
61 -0.000202197 0.000189174
62 -0.000135869 9.98461e-05
63 0.000133534 -0.000166179
64 0.000283048 -0.000313524
65 0.000185397 -0.000201864
66 0.000218833 -0.000227757
67 7.85477e-05 -9.24105e-05
68 -2.17651e-05 4.5152e-05
69 2.46131e-05 -3.18194e-05
70 2.19593e-05 -4.03586e-05
71 -0.000130522 0.000156268
72 -0.000252909 0.00028604
73 -0.000386074 0.000385397
74 -0.000414606 0.000431291
75 -0.00017926 0.000185897
76 -0.000186301 0.000174733
77 -0.000163019 0.000159123
78 -1.86891e-05 1.97273e-05
79 -0.000214793 0.000214398
80 3.59476e-06 -2.02929e-05
81 -3.094e-05 2.90413e-05
82 2.61238e-05 3.65286e-06
83 -1.57422e-05 3.56411e-05
84 9.35521e-05 -7.01553e-05
85 0.000250883 -0.000249786
86 -1.2827e-05 2.20382e-05
87 -2.89266e-05 2.02887e-05
88 9.29446e-05 -0.00012185
89 0.000187533 -0.000194071
90 0.000331792 -0.000328689
91 0.000215764 -0.000227352
92 0.000486997 -0.000494556
93 7.6386e-05 -8.57765e-05
94 -0.000132367 0.000164874
95 -0.00017337 0.000197457
96 -0.000260767 0.000267211
97 0.000105385 -0.000122423
98 3.7413e-05 -3.17323e-05
99 0.000242344 -0.000242469
100 0.000146732 -0.000190433
101 0.000196391 -0.000221024
102 0.000112788 -0.00012939
103 0.000439348 -0.000427214
104 0.000266735 -0.00025631
105 0.000267741 -0.00029091
106 -7.71286e-06 -3.25105e-05
107 2.97631e-05 -2.25496e-05
108 -0.000138098 0.000143792
109 0.00017846 -0.000168668
110 0.000173822 -0.000184845
111 0.000182196 -0.000210861
112 -6.59626e-06 1.80761e-05
113 -2.10299e-05 2.67926e-05
114 -3.23454e-05 2.42832e-05
115 0.000168387 -0.000173679
116 8.58319e-05 -7.52712e-05
117 0.000101639 -8.70617e-05
118 0.00024866 -0.000206409
119 1.70834e-05 -3.58328e-05
120 0.000188466 -0.000141931
121 0.000145108 -0.000175164
122 0.000141133 -0.000182022
123 0.000392033 -0.000383453
124 0.000347679 -0.00037037
125 0.000258978 -0.000294252
126 0.000222008 -0.000223015
127 0.000149299 -0.000190644
128 0.000174273 -0.000203483
129 0.000289868 -0.000293841
130 0.000134813 -0.000150688
131 0.000236926 -0.000236311
132 0.000280028 -0.000287167
133 8.69622e-05 -0.000113359
134 0.000235779 -0.00023904
135 4.23751e-05 -3.57224e-05
136 8.63275e-05 -6.6458e-05
137 -0.000115806 0.000115124
138 0.000121158 -9.91068e-05
139 6.7938e-05 -1.42282e-06
140 1.20715e-06 8.14951e-06
141 0.000173875 -0.000165796
142 0.000153587 -0.000166555
143 2.76316e-05 -2.77819e-05
144 0.00018255 -0.000167836
145 0.000143486 -0.000176573
146 0.000133606 -0.000173743
147 0.000403709 -0.000426249
148 0.000226319 -0.000247235
149 0.000159676 -0.000150239
150 0.000117095 -9.59535e-05
151 0.000168763 -0.000160553
152 0.000199161 -0.000211049
153 0.00017397 -0.00020489
154 -0.00011689 8.77734e-05
155 8.35219e-05 -0.000125604
156 0.000219358 -0.000226689
157 0.000112127 -9.68603e-05
158 0.000117079 -8.8744e-05
159 0.000138063 -0.000180187
160 -8.6807e-05 9.7326e-05
161 -1.38069e-06 2.44042e-05
162 -8.63186e-05 0.000102526
163 -0.000273336 0.000296477
164 -0.00041644 0.000414412
165 -0.00034016 0.000353823
166 -0.000137899 0.000147359
167 -9.86855e-05 0.000105728
168 5.36849e-05 -5.95661e-05
169 -0.00036107 0.0003696
170 -0.000298606 0.000333091
171 -0.00026492 0.000216914
172 -0.000254106 0.000250792
173 -6.77846e-05 9.37278e-05
174 -0.000112712 0.000117023
175 1.85537e-05 -1.03904e-06
176 0.000107582 -9.91003e-05
177 -0.000153978 0.000154047
178 -0.000312103 0.000309889
179 -0.000427356 0.000400559
180 -0.000410307 0.000346371
181 -0.000459265 0.000459774
182 -0.000291105 0.000331114
183 -0.000311683 0.000333901
184 -0.000166893 0.000194345
185 1.32295e-05 -7.3564e-06
186 9.85173e-05 -0.000115157
187 1.75446e-05 -4.84756e-06
188 -2.97719e-05 4.27e-05
189 -6.26697e-05 0.000100213
190 -5.64278e-05 5.61346e-05
191 0.000161911 -0.000206896
192 -0.000116508 0.000105117
193 -0.000137366 0.000143657
194 -0.000239507 0.000210566
195 -0.00012479 0.000176558
196 -8.64338e-05 9.25948e-05
197 -0.000234243 0.00025502
198 -0.000261508 0.000279859
199 -0.000196005 0.000200892
200 -0.000120387 0.000139099
201 0.000100167 -7.05567e-05
202 0.000151572 -0.000164068
203 7.7773e-05 -7.75579e-05
204 -0.000117136 0.000114921
205 3.73302e-05 -5.16049e-05
206 0.000335141 -0.000304927
207 0.000533487 -0.000514177
208 0.000349994 -0.000404058
209 0.000416461 -0.000408905
210 0.000201938 -0.00017994
211 -0.000228078 0.000268807
212 -0.000428402 0.000446182
213 -0.000483359 0.000460731
214 -0.000194757 0.000176342
215 6.65654e-05 -6.593e-05
216 -1.60113e-05 3.38836e-05
217 -0.000228679 0.000235912
218 -0.000117689 0.000143631
219 -7.16899e-05 7.96327e-05
220 -0.000256277 0.000236142
221 9.42873e-06 -8.02368e-06
222 0.000234525 -0.000247937
223 0.000460224 -0.000461224
224 0.000335787 -0.000359085
225 0.000302539 -0.000299783
226 5.87138e-05 -0.000102313
227 0.000121384 -0.000121847
228 0.000362326 -0.000381885
229 0.000323641 -0.000330897
230 0.00023075 -0.00025646
231 0.000256422 -0.000264011
232 0.000104054 -0.000123622
233 6.96881e-05 -0.000103781
234 -2.80868e-05 5.15479e-05
235 9.59205e-05 -0.000110614
236 0.000190412 -0.000188361
237 0.000126432 -0.000117172
238 2.38534e-05 -6.41445e-05
239 1.05439e-06 -3.42032e-05
240 -0.000104439 6.87464e-05
241 -9.3621e-06 -3.9719e-06
242 1.7924e-05 -3.47683e-05
243 1.10158e-06 -9.95357e-06
244 -0.000239533 0.000266791
245 -0.000211797 0.000176063
246 -0.000123574 0.000112292
247 1.74416e-06 7.28418e-06
248 -0.000222148 0.000221186
249 -0.00021759 0.000213926
250 -0.000398004 0.00038623
251 -0.000284019 0.000256919
252 -0.000101301 8.02179e-05
253 -4.27824e-05 6.12677e-05
254 7.38938e-05 -9.7023e-05
255 -6.14708e-05 6.98771e-05
256 -6.07162e-06 -1.10209e-05
257 0.000231582 -0.00024314
258 0.000107583 -0.00013141
259 7.10478e-05 -8.91629e-05
260 -4.03797e-05 3.19491e-05
261 -0.00014472 0.000144523
262 -0.000148829 0.000103573
263 8.34125e-05 -0.00010661
264 0.000281125 -0.000281004
265 0.000465483 -0.000485644
266 0.000288176 -0.00027321
267 0.000239852 -0.000237299
268 0.000169615 -0.000165185
269 2.53022e-05 -3.43485e-05
270 6.43646e-05 -3.71164e-05
271 2.01695e-05 -3.23936e-05
272 -3.81651e-05 3.62187e-05
273 6.18779e-05 -3.39601e-05
274 -0.000101021 8.16912e-05
275 -6.86127e-05 7.80029e-05
276 -0.000143288 0.000119159
277 -0.000297858 0.000275368
278 -0.00016064 0.000178998
279 -0.000168591 0.000174685
280 -0.000133931 0.000138368
281 -2.07598e-05 1.79396e-06
282 0.000125924 -0.000140899
283 0.000195938 -0.000222583
284 0.000103339 -8.63498e-05
285 7.30618e-05 -0.000112822
286 7.42975e-05 -6.28292e-05
287 0.000130048 -0.000124308
288 0.000202688 -0.000197705
289 0.000220734 -0.000228118
290 0.000127017 -0.00011626
291 0.000231421 -0.0002198
292 6.61918e-05 -8.71953e-05
293 -0.000319118 0.000302366
294 -0.000161015 0.000139306
295 -0.000114505 7.9029e-05
296 0.000149131 -0.000172376
297 2.42244e-05 1.70269e-05
298 -5.12968e-05 5.61186e-05
299 -8.10319e-05 7.5595e-05
300 -0.000130061 8.48511e-05
301 9.14238e-05 -9.19181e-05
302 0.000159592 -0.0001401
303 0.000206787 -0.000191616
304 7.07041e-05 -5.3632e-05
305 0.000114793 -0.000118509
306 -0.000239561 0.000269088
307 -0.000187015 0.000199448
308 -0.00024143 0.000253616
309 -0.000541345 0.000547806
310 -0.000392482 0.000410065
311 -0.000150128 0.000170213
312 1.92959e-05 4.57936e-06
313 0.000137245 -0.000134736
314 4.24969e-06 -1.29715e-05
315 -0.000132619 0.000139047
316 -0.0004394 0.000431452
317 -0.000545048 0.000561727
318 -0.000492267 0.000469833
319 -2.35824e-07 4.23987e-05
320 4.79868e-06 -4.04746e-05
321 -2.43787e-05 1.82996e-05
322 -5.08715e-05 5.25404e-05
323 -0.000198653 0.00019321
324 -0.00015361 0.000129481
325 -0.000127283 0.000142751
326 -1.40973e-05 6.25635e-05
327 -0.000166852 0.000178907
328 -0.000169432 0.0001929
329 -0.000168682 0.000180333
330 -5.67275e-05 6.41885e-05
331 -5.25625e-05 2.67098e-05
332 -6.97287e-05 0.000120852
333 4.18231e-05 -4.62065e-05
334 -6.94828e-05 5.35128e-05
335 6.57802e-07 -5.41292e-05
336 0.000140769 -0.000171991
337 0.000199307 -0.000232598
338 0.000154222 -0.000140219
339 -1.5131e-05 -9.5235e-06
340 0.000132647 -0.00011083
341 -0.000158564 0.000124812
342 -0.000156717 0.000150478
343 -0.000216449 0.000208851
344 -0.000215826 0.000207905
345 -0.000312247 0.000290198
346 -0.000138847 0.000110502
347 0.000116051 -0.000143474
348 -5.08055e-05 6.12466e-05
349 2.23673e-05 -2.53569e-05
350 -1.58188e-06 7.70035e-06
351 -0.000153798 0.000140488
352 3.6625e-05 -1.6949e-05
353 0.000222485 -0.000184757
354 -0.000157017 0.000170815
355 -0.000261949 0.000268022
356 -0.000159105 0.00014824
357 -0.000100693 9.94218e-05
358 4.92259e-05 -2.83082e-05
359 -6.25156e-05 8.47961e-05
360 8.39214e-05 -5.14005e-05
361 -3.53643e-05 4.11483e-05
362 -5.63873e-05 7.14838e-05
363 -0.000117905 8.13383e-05
364 -0.000180768 0.000191246
365 -0.000237465 0.000196104
366 -0.000319471 0.000337682
367 -0.000103636 0.000161381
368 0.000102607 -0.000103408
369 9.49054e-05 -0.00012694
370 0.000277712 -0.00032259
371 0.000388553 -0.000406091
372 0.000182166 -0.000156583
373 4.30574e-05 7.4235e-06
374 0.000192067 -0.000127636
375 0.000101611 -7.79389e-05
376 0.000133425 -0.000118019
377 0.000219386 -0.000199687
378 -0.000251021 0.000249101
379 -2.90135e-05 1.67839e-05
380 -6.85171e-05 2.82873e-05
381 -0.000233621 0.000217303
382 -0.000396131 0.000391333
383 -0.000445088 0.000430053
384 -0.000556783 0.000536714
385 -0.000238934 0.000240222
386 -0.000269085 0.000267041
387 -2.51423e-05 2.16539e-05
388 -3.41032e-05 4.00658e-05
389 0.000175673 -0.000154337
390 0.000225599 -0.000202187
391 0.000193468 -0.000165416
392 -0.000143372 0.000106392
393 -0.000151738 0.000102425
394 -7.75376e-05 7.40575e-05
395 -0.000246553 0.000280541
396 -0.000423582 0.000431785
397 -0.000345504 0.000343736
398 -0.000206976 0.00022772
399 -0.000182542 0.000173402
400 0.000118846 -0.000142725
401 0.000110725 -0.000109686
402 0.000300064 -0.000289709
403 0.000295565 -0.000313528
404 0.000327984 -0.0003246
405 0.000117041 -0.000128921
406 5.30095e-05 -7.69022e-05
407 0.000121784 -0.00010681
408 -0.000123069 9.02102e-05
409 6.00416e-05 -8.54765e-05
410 9.88724e-05 -0.000119142
411 0.000296617 -0.000330374
412 0.000288986 -0.000325286
413 0.000302467 -0.000319466
414 0.000151626 -0.000138636
415 0.000272718 -0.000257725
416 0.000187496 -0.000198037
417 4.12246e-05 -4.18503e-06
418 2.07799e-05 -2.67577e-05
419 9.63418e-06 -1.18822e-05
420 2.06483e-05 -2.91671e-05
421 2.87344e-05 -4.84664e-05
422 -0.000225292 0.000203949
423 -0.000185504 0.000153246
424 -0.000247187 0.000241831
425 -0.000318381 0.000343149
426 -6.87341e-05 4.40902e-05
427 1.8454e-05 -3.42375e-05
428 5.25657e-05 -4.45672e-05
429 -0.000156357 0.000166664
430 -0.000204059 0.000168694
431 -0.000303946 0.000300322
432 -0.000389076 0.000380145
433 -0.000234955 0.000255744
434 -7.2079e-05 7.94716e-05
435 0.000138818 -0.000109447
436 -6.99596e-05 8.59288e-05
437 -0.000101609 0.000109312
438 -0.000259796 0.000280101
439 -4.60209e-05 8.11228e-05
440 0.000151697 -0.000154505
441 3.04347e-05 -9.64735e-06
442 6.22064e-05 -6.04365e-05
443 1.97233e-05 8.68588e-06
444 -1.51911e-05 3.36879e-05
445 -6.07144e-05 4.8789e-05
446 0.000112635 -0.000127377
447 0.000123101 -0.000109816
448 -4.11388e-05 2.51019e-05
449 -0.000321727 0.000318206
450 -0.000134664 0.000108406
451 -0.000167044 0.000173495
452 -0.000298769 0.000299118
453 -0.00035265 0.000362446
454 -0.000205737 0.000258687
455 1.80057e-05 -8.0895e-06
456 0.000241295 -0.000209776
457 0.000447301 -0.000420659
458 0.000307578 -0.000334679
459 0.000315933 -0.000305214
460 0.000198829 -0.000222861
461 -4.86897e-05 3.00149e-05
462 2.83305e-05 -2.49799e-05
463 -0.000260256 0.000249364
464 -3.90675e-06 -5.35998e-05
465 0.000146986 -0.00014856
466 0.000188147 -0.00018465
467 0.000447514 -0.000459411
468 0.000501905 -0.000488658
469 0.000236564 -0.000223222
470 0.000176552 -0.000160848
471 0.00023206 -0.000270833
472 0.000309293 -0.000301365
473 -1.0087e-05 1.40787e-05
474 -0.000170844 0.000156352
475 4.44834e-05 -3.07036e-05
476 -0.000200012 0.000219853
477 -4.64062e-05 4.03095e-05
478 0.000115157 -0.000130588
479 -6.92617e-05 8.44662e-05
480 -4.54427e-05 4.55039e-05
481 -5.85469e-05 1.93965e-05
482 -0.000208182 0.000235986
483 3.38143e-05 7.42495e-06
484 -0.000110858 7.36018e-05
485 -7.32445e-05 3.60321e-05
486 -0.000106205 7.9267e-05
487 6.85034e-05 -8.55914e-05
488 5.98773e-05 -1.22832e-05
489 8.51372e-05 -7.0324e-05
490 -2.75541e-05 4.92708e-05
491 6.95849e-05 -4.80035e-05
492 9.18808e-05 -8.27162e-05
493 0.00019145 -0.000146306
494 0.000221949 -0.000209001
495 0.000327623 -0.000358872
496 -4.16575e-05 -2.78607e-05
497 0.000117137 -8.68911e-05
498 0.000134775 -0.000199606
499 0.00020073 -0.000237464
500 0.000112718 -0.000149432
501 2.95782e-05 -2.83945e-05
502 -0.000255629 0.000229191
503 -8.92153e-05 4.53881e-05
504 -0.00015143 0.000131354
505 -0.000270557 0.000263764
506 -0.000298085 0.000289128
507 -0.000335507 0.000323019
508 -0.00025277 0.000288146
509 -0.000174126 0.000179168
510 -0.000111571 9.29222e-05
511 0.000105578 -0.000129964
512 0.000155307 -0.000160535
513 1.64683e-05 -3.51041e-05
514 0.000136604 -0.000146232
515 -2.082e-05 2.98374e-05
516 -7.45567e-05 4.12155e-05
517 6.91367e-05 -6.1136e-05
518 0.000291363 -0.000257271
519 0.000378559 -0.000388372
520 0.000339515 -0.000345841
521 0.000518881 -0.000509342
522 0.000273649 -0.00026069
523 9.80276e-06 -1.14133e-05
524 6.72752e-05 -7.81015e-05
525 0.000403912 -0.000419211
526 0.000404288 -0.000374723
527 0.000318903 -0.000345083
528 8.99667e-05 -6.81809e-05
529 3.58464e-05 -3.1021e-05
530 -0.00016546 0.000169961
531 -0.000250264 0.000249387
532 -0.000196827 0.000162711
533 -0.000452626 0.00049634
534 -0.000456722 0.00045349
535 -0.000367329 0.000346637
536 -6.46597e-06 3.58176e-06
537 -2.26413e-05 3.82586e-05
538 0.000177593 -0.000198385
539 6.55331e-05 -7.4234e-05
540 0.000209309 -0.000220078
541 0.000121879 -0.000106034
542 0.000353979 -0.000380762
543 0.000390002 -0.000436657
544 0.00036123 -0.000373879
545 0.000300519 -0.000326709
546 0.000320051 -0.000311592
547 0.000455671 -0.000419677
548 0.000261257 -0.000240424
549 0.000228649 -0.0002298
550 9.90028e-05 -6.83483e-05
551 0.000113797 -7.69517e-05
552 0.000282019 -0.00028785
553 0.0003931 -0.000405937
554 0.000297975 -0.000291577
555 9.32721e-06 3.66031e-06
556 6.39397e-05 -3.77898e-05
557 -7.84544e-05 2.98209e-05
558 1.68685e-05 -3.40974e-05
559 0.000323133 -0.000305892
560 0.000290748 -0.000303591
561 0.000209937 -0.000187146
562 -8.26159e-05 7.09035e-05
563 -0.000258187 0.000259486
564 -0.000369129 0.000383671
565 -0.000319437 0.000338238
566 -0.000462062 0.000438155
567 -0.000175007 0.000203988
568 -0.000273874 0.000281228
569 -1.06644e-05 3.10157e-05
570 -0.000176052 0.000164312
571 -0.000120556 0.000123818
572 3.84489e-05 -5.15031e-05
573 8.87016e-05 -0.000110099
574 0.000366212 -0.00040059
575 0.00047597 -0.000502577
576 0.000439027 -0.000427121
577 0.000210763 -0.000240603
578 0.000284769 -0.000341768
579 0.000369809 -0.00042876
580 0.000307677 -0.000323056
581 0.000291996 -0.000286498
582 0.000253353 -0.000259567
583 0.000174092 -0.000153874
584 0.000119321 -0.000138973
585 0.000419186 -0.00044789
586 0.000469591 -0.000438963
587 0.000314233 -0.000294904
588 0.000108275 -0.000110688
589 0.000411191 -0.000432619
590 0.000307068 -0.000322549
591 0.000166016 -0.00016707
592 -1.23406e-05 1.67883e-05
593 -0.000249687 0.000254739
594 -0.000438739 0.000433688
595 -0.000472011 0.000476338
596 -0.000254475 0.000255186
597 -0.00016245 0.000144554
598 6.09172e-05 -6.83832e-05
599 0.000136206 -0.000126517
600 8.67604e-06 -3.60188e-06
601 -6.97725e-05 8.89648e-05
602 -0.00012796 0.000140178
603 -0.000118514 0.000115474
604 2.01862e-05 -4.73517e-05
605 4.53204e-05 -6.39427e-05
606 9.51583e-05 -0.000112976
607 0.000286704 -0.000299468
608 0.000233804 -0.000235027
609 0.000260557 -0.000307772
610 0.000242599 -0.000250688
611 0.000115193 -0.000111864
612 0.000156541 -0.00013185
613 7.52511e-05 -7.57824e-05
614 -0.000121937 0.000127257
615 0.000102214 -7.27537e-05
616 5.7907e-05 -7.07914e-05
617 -6.53806e-05 3.57849e-05
618 -9.67456e-05 7.41491e-05
619 -0.000254616 0.000281716
620 -0.000462194 0.000462429
621 -0.000613105 0.000595153
622 -0.000273347 0.000255067
623 -0.00020505 0.000226545
624 1.04757e-07 -4.54494e-06
625 -2.89916e-05 5.09737e-05
626 -0.000200919 0.000221949
627 -0.00017381 0.000139921
628 -7.67196e-05 7.71743e-05
629 -6.71888e-05 6.29684e-05
630 0.000123449 -0.000112389
631 7.92345e-06 -1.19508e-05
632 0.000141545 -0.000110558
633 0.000148414 -0.000193852
634 9.26567e-05 -8.19263e-05
635 -3.34061e-05 8.63953e-05
636 -7.33969e-05 5.70736e-05
637 8.04645e-05 -9.62464e-05
638 -8.19226e-05 5.2412e-05
639 -0.000110536 0.000118186
640 -0.000180437 0.000167193
641 -0.000213601 0.000211676
642 -7.92958e-05 0.000116215
643 1.55961e-05 -3.67095e-05
644 -0.000217941 0.000275271
645 -0.000206306 0.000218105
646 -0.000252761 0.000272824
647 -9.51015e-05 7.32443e-05
648 -8.39651e-05 7.72719e-05
649 0.000183918 -0.000201869
650 0.000228474 -0.000209953
651 0.000220316 -0.000220695
652 0.000266826 -0.00029256
653 8.58695e-05 -6.05657e-05
654 -7.91835e-05 3.96269e-05
655 2.24621e-05 -9.73216e-06
656 -0.000118401 0.000132477
657 -0.000132311 0.000148907
658 -0.000140605 0.000145802
659 -0.000145456 0.000135925
660 -5.25668e-05 4.92226e-05
661 -0.000289646 0.000291306
662 -0.000103955 0.000108363
663 -2.67953e-05 6.73197e-06
664 0.000169526 -0.00018127
665 -8.18469e-05 0.000110158
666 -2.65654e-05 4.14454e-05
667 -2.86973e-05 3.15967e-05
668 -0.00014623 0.000163019
669 6.80535e-05 -6.07475e-05
670 8.22234e-05 -8.70794e-05
671 5.74444e-05 -9.53862e-05
672 0.000133024 -9.92434e-05
673 -5.08879e-05 6.44341e-05
674 -0.000240338 0.000252078
675 -6.10381e-05 5.98103e-05
676 2.2871e-05 -3.75097e-05
677 1.17966e-06 -3.17685e-06
678 0.000262946 -0.000271213
679 2.74185e-05 -2.88515e-05
680 0.000266499 -0.000286781
681 0.000257073 -0.000275168
682 0.000280226 -0.000288851
683 0.000201453 -0.00019021
684 0.000280695 -0.000304303
685 0.000217448 -0.000241835
686 -1.97012e-05 -1.14074e-05
687 -2.1435e-05 1.28243e-05
688 6.78497e-05 -4.71514e-05
689 3.12841e-05 -1.08363e-05
690 4.45736e-05 -3.93443e-05
691 4.44663e-05 -5.9115e-05
692 0.000261627 -0.000259247
693 7.74037e-05 -5.06714e-05
694 -3.33696e-05 3.17864e-05
695 0.000147072 -0.000129433
696 -3.59624e-05 1.4739e-05
697 -3.24435e-05 6.09597e-05
698 -5.53586e-05 6.97128e-05
699 -6.82401e-05 9.01243e-05
700 3.60848e-05 -4.97793e-05
701 0.000285835 -0.00029167
702 0.000145129 -0.00014632
703 -5.03305e-05 7.02059e-05
704 -1.19612e-05 -1.7695e-05
705 0.000117533 -0.000104774
706 -0.000150639 0.000193514
707 -0.000249875 0.000245649
708 -0.000388707 0.000385576
709 -0.000392952 0.000443141
710 -0.000281696 0.00028802
711 -0.000267976 0.000272934
712 -0.000273097 0.00027479
713 -0.000282021 0.000314914
714 -5.77276e-05 6.86996e-05
715 0.000270018 -0.00027533
716 2.51349e-05 1.30357e-05
717 -7.78587e-05 0.000117532
718 -3.88263e-06 3.07179e-05
719 7.81361e-05 -4.26919e-05
720 -3.14286e-05 4.09389e-05
721 -5.60074e-05 8.52521e-05
722 -0.000107249 7.0041e-05
723 -3.61842e-05 5.77687e-06
724 -0.000103882 0.000129191
725 -0.000494989 0.000496919
726 -0.000467425 0.000460598
727 -0.000249044 0.000223769
728 1.8952e-05 4.349e-06
729 0.000188595 -0.000146014
730 0.000135266 -0.000158096
731 1.5958e-05 2.8037e-05
732 -7.38205e-05 5.12314e-05
733 0.000157532 -0.000171416
734 0.000277496 -0.00028429
735 0.000326661 -0.000321423
736 0.000269844 -0.000243614
737 8.37559e-05 -7.17859e-05
738 -0.000147328 0.000132721
739 -0.000339412 0.000334202
740 -0.000237767 0.000268667
741 -0.000379443 0.000334764
742 -0.000526964 0.000525629
743 -0.000355973 0.000300626
744 -0.000339432 0.000327342
745 -0.000181439 0.000180998
746 -0.000239027 0.000214855
747 -0.000174795 0.000169003
748 -0.00029125 0.000285499
749 -0.000135298 0.000125126
750 -0.000148191 0.000149678
751 3.82301e-05 -1.14783e-05
752 8.01239e-05 -4.34969e-05
753 -0.000190023 0.000232478
754 -3.31129e-06 -2.0481e-05
755 -5.87299e-05 6.09212e-05
756 -9.77465e-05 7.01028e-05
757 8.32527e-05 -5.26272e-05
758 7.82325e-05 -0.000106665
759 0.000104411 -0.000106065
760 -6.47596e-05 4.79592e-05
761 5.2198e-06 -4.06515e-08
762 -0.000169573 0.000173982
763 -0.000129477 0.000135323
764 -7.47074e-05 6.24449e-05
765 0.000232037 -0.000278634
766 0.000263805 -0.000214403
767 0.000419082 -0.000456525
768 0.000292107 -0.00029521
769 0.000352567 -0.000346371
770 0.000370491 -0.000370569
771 0.00036525 -0.000352641
772 0.000249989 -0.000230416
773 0.00025242 -0.000287929
774 5.79652e-05 -6.90622e-05
775 1.03847e-05 -3.0004e-05
776 -0.00023854 0.000246918
777 -0.000287438 0.000304213
778 -0.00052079 0.000540358
779 -0.000413518 0.000404457
780 -0.000289028 0.000267398
781 9.35855e-05 -0.000109213
782 -7.13478e-05 6.24419e-05
783 -4.77219e-05 0.000104749
784 -0.000257622 0.00024409
785 -0.000234274 0.000250642
786 -9.3173e-05 4.41147e-05
787 2.42175e-05 -6.33754e-06
788 -7.54913e-05 8.2546e-05
789 5.76475e-05 -5.64902e-05
790 0.000230495 -0.000255266
791 0.000192178 -0.000163731
792 0.000384961 -0.000366617
793 0.000293175 -0.00025621
794 9.63791e-05 -9.83262e-05
795 -0.000122049 9.62789e-05
796 -0.000512689 0.000509999
797 -0.000535441 0.000528583
798 -0.000384708 0.000352586
799 -0.000164745 0.0001424
800 3.70377e-05 -6.9192e-05
801 6.81542e-06 -1.23644e-05
802 -5.43461e-05 2.04284e-05
803 -0.000337743 0.000315539
804 -0.000284403 0.00030669
805 -0.00012314 0.000135489
806 -3.03462e-05 4.26028e-05
807 -0.000165492 0.000177796
808 -0.000163356 0.000180399
809 -0.000212829 0.000211944
810 -0.000118719 0.00015822
811 -4.59689e-05 4.92587e-05
812 5.48626e-05 -2.05086e-05
813 0.000240231 -0.000246574
814 0.000156536 -0.000128113
815 9.82793e-05 -8.66904e-05
816 -1.39007e-06 3.2979e-05
817 -3.64172e-05 3.66504e-05
818 0.000159043 -0.00013199
819 9.9964e-05 -0.0001004
820 1.77498e-05 -1.88105e-05
821 6.55614e-05 -4.52367e-05
822 -3.88798e-05 2.19827e-05
823 -3.47592e-05 3.51861e-05
824 -1.00556e-05 3.35789e-06
825 -0.000237662 0.000265108
826 -0.00020866 0.000228954
827 -0.000525086 0.000525229
828 -0.000127876 0.000143737
829 -0.00023917 0.00023606
830 -0.000138086 0.00013029
831 0.000151278 -0.000155068
832 6.06895e-05 -5.19802e-05
833 3.25261e-05 -5.41361e-05
834 -2.2819e-05 2.9221e-05
835 9.35359e-06 3.09879e-05
836 9.66537e-05 -0.000123528
837 0.000378545 -0.000371917
838 0.000379496 -0.000391308
839 9.0581e-05 -0.000101008
840 0.000356327 -0.000357726
841 1.94327e-05 -3.36638e-05
842 0.000121541 -0.000174246
843 0.000147632 -0.000170198
844 0.000191641 -0.0001912
845 0.000275056 -0.000247929
846 0.00020782 -0.000195061
847 3.80138e-05 -4.02734e-05
848 1.84453e-05 -8.81303e-06
849 0.000103637 -0.000161889
850 2.66518e-05 -1.30012e-05
851 4.47674e-05 -2.8405e-05
852 0.000137072 -0.000149171
853 -0.000107127 0.000146564
854 -0.00022236 0.000267715
855 -0.000284918 0.000297228
856 -0.000481989 0.000498524
857 -0.000394245 0.000393952
858 -0.000413557 0.000418923
859 -0.000232202 0.000232577
860 0.000149473 -0.000168912
861 5.77475e-05 -8.49296e-05
862 0.00016322 -0.000173228
863 0.00045139 -0.000467511
864 0.000437747 -0.000460191
865 0.000409266 -0.000402408
866 0.000350169 -0.000337788
867 0.000542221 -0.000538599
868 0.000440347 -0.000421443
869 0.00037064 -0.000364655
870 0.000296627 -0.000276258
871 0.000168534 -0.000194676
872 0.000212818 -0.000207834
873 0.000335377 -0.000346462
874 0.000190938 -0.000164139
875 0.000306078 -0.000317257
876 0.000210779 -0.000235388
877 0.000219431 -0.000216231
878 4.58131e-05 -3.77249e-05
879 0.000247489 -0.000259027
880 0.000266816 -0.000297307
881 0.00028036 -0.000293285
882 0.000192045 -0.000181507
883 -1.63286e-06 1.88452e-05
884 -7.40107e-05 6.5265e-05
885 -0.00023703 0.000207186
886 -0.000185068 0.000203589
887 -5.16889e-05 1.92557e-05
888 -0.000181833 0.000201646
889 6.27247e-06 -5.40464e-05
890 -0.000228354 0.000230509
891 -0.000272312 0.000287079
892 -9.68111e-05 0.000150593
893 -0.000112652 0.000105642
894 -0.000210264 0.000206425
895 -0.000106854 0.000140882
896 -0.00015874 0.000163195
897 7.71761e-05 -0.000105512
898 3.01036e-05 -9.57894e-06
899 -4.05834e-05 1.59453e-06
900 -0.000214898 0.000202197
901 -0.000271667 0.00028206
902 -0.000158309 0.000135872
903 -0.00010227 0.0001136
904 -3.3852e-05 5.36151e-05
905 5.33813e-06 -1.63184e-05
906 0.00016103 -0.000192501
907 5.31545e-05 -7.73562e-05
908 2.6957e-05 -4.23393e-05
909 -4.39699e-05 6.06179e-05
910 2.31339e-05 -3.04118e-05
911 -3.67876e-05 2.78127e-05
912 -9.58383e-05 0.00012291
913 -0.000252556 0.000246412
914 -6.7633e-05 0.000109557
915 -0.000145692 0.000163016
916 0.000221686 -0.000225131
917 -1.93372e-05 3.08953e-05
918 0.000191963 -0.000172954
919 1.41372e-05 -1.89408e-05
920 -5.23487e-05 3.91497e-05
921 -6.96854e-05 4.63591e-05
922 -4.63439e-06 -2.83842e-05
923 -6.12508e-05 5.51146e-05
924 9.0032e-05 -9.14638e-05
925 -0.000137011 0.000165631
926 7.53455e-05 -9.40759e-05
927 0.000153883 -0.000171454
928 0.00021818 -0.000248023
929 2.76705e-05 -5.70678e-05
930 0.000157198 -0.000186297
931 0.000359343 -0.000382059
932 0.000273007 -0.000310856
933 0.000308942 -0.000341156
934 0.000215148 -0.000209854
935 -6.08737e-05 7.55436e-05
936 -9.17474e-05 9.91156e-05
937 -0.00028948 0.000273594
938 -7.11914e-05 5.00734e-05
939 0.000114442 -0.000112605
940 0.000450706 -0.000439934
941 0.000230639 -0.000199261
942 0.000104337 -0.00012227
943 5.13199e-05 -6.55749e-05
944 -9.51661e-05 7.6513e-05
945 -6.28696e-05 8.78492e-05
946 -0.000221073 0.000234386
947 -0.000573243 0.000562499
948 -0.000466687 0.000485161
949 -0.000637788 0.000591201
950 -0.000574831 0.000606511
951 -0.000352178 0.000339264
952 -0.000201825 0.000204152
953 -9.87395e-05 8.94697e-05
954 0.000109169 -0.000119243
955 0.000215815 -0.000224759
956 0.000111161 -0.000124148
957 0.000110742 -0.000156828
958 -4.96247e-06 6.19444e-05
959 -0.000129991 0.000163899
960 3.16699e-05 -6.38603e-05
961 -0.000203933 0.00017163
962 -0.000128547 0.000115454
963 0.000245246 -0.000226514
964 0.000216383 -0.000220048
965 0.000474158 -0.00044007
966 0.00017952 -0.000158331
967 0.000114641 -0.000110584
968 -7.01295e-06 -2.4458e-05
969 -4.65245e-05 7.19192e-05
970 0.000114203 -0.000124456
971 0.000137976 -0.000153944
972 6.64152e-05 -9.40448e-05
973 4.53105e-05 -5.33141e-05
974 -7.41887e-05 7.80633e-05
975 -9.96772e-05 0.000107915
976 -0.000134624 0.000103943
977 -2.55406e-05 -9.17545e-08
978 0.000224979 -0.000216875
979 6.63727e-05 -7.67405e-05
980 2.5464e-05 -5.24299e-05
981 3.66902e-05 -2.80129e-05
982 -1.54296e-05 6.53148e-07
983 -0.000151 9.71873e-05
984 -9.59602e-05 0.000119183
985 -4.93253e-05 3.45958e-05
986 -3.8746e-05 3.96633e-05
987 -8.21199e-05 0.000114695
988 -5.91372e-05 6.74788e-05
989 -0.00010203 7.9781e-05
990 -4.21912e-05 4.33393e-05
991 -1.79018e-05 5.63323e-05
992 -0.000173334 0.000190746
993 -7.07088e-05 0.000133675
994 4.33991e-05 -8.93023e-06
995 1.18853e-05 7.44289e-06
996 -4.11942e-05 9.91751e-05
997 -0.000179513 0.000154552
998 -0.000237018 0.000241659
999 -0.000332423 0.000302495
