1 0.976362 -0.882018
2 0.863658 -0.758281
3 0.748243 -0.580167
4 0.578887 -0.382071
5 0.381604 -0.239445
6 0.240254 -0.128066
7 0.135071 -0.0434155
8 0.0507395 0.00293843
9 0.00452194 0.0225116
10 -0.0151747 0.0315049
11 -0.0274282 0.023655
12 -0.0202486 0.0190004
13 -0.0158204 0.0173269
14 -0.0138105 0.0182109
15 -0.0126781 0.023412
16 -0.0180785 0.025967
17 -0.0197724 0.0271023
18 -0.0218109 0.0239099
19 -0.0196359 0.0183327
20 -0.0149611 0.0111197
21 -0.00919822 0.00300542
22 -0.00217552 -0.00425588
23 0.0041906 -0.0105044
24 0.00974475 -0.0152702
25 0.0141954 -0.0182941
26 0.0171045 -0.0199891
27 0.0190452 -0.0199477
28 0.0193995 -0.0183933
29 0.0179249 -0.0165368
30 0.0163623 -0.0139478
31 0.0139019 -0.0113817
32 0.0113517 -0.00999101
33 0.0103194 -0.00776274
34 0.00807998 -0.00639798
35 0.0068414 -0.00529495
36 0.00577726 -0.00412657
37 0.00450103 -0.00375001
38 0.00404346 -0.00342437
39 0.00346175 -0.00338345
40 0.0032013 -0.00365083
41 0.00339708 -0.00383724
42 0.00340632 -0.00403047
43 0.00360235 -0.0038808
44 0.00346279 -0.00305781
45 0.00258893 -0.00219773
46 0.00169497 -0.00134103
47 0.000829902 -0.000229991
48 -0.000255967 0.0004427
49 -0.00108476 0.000758272
50 -0.00117157 0.00100571
51 -0.00152665 0.0007909
52 -0.00104327 0.000678565
53 -0.00104671 0.000285543
54 -0.000558599 3.46881e-05
55 -0.000396099 -0.000473132
56 0.000158263 -0.000620128
57 0.000304704 -0.000700006
58 0.000514001 -0.000339946
59 0.00024709 -0.000109542
60 2.27171e-05 9.78512e-05
61 -5.60044e-05 0.000162078
62 -0.000123018 9.28365e-05
63 -4.12703e-05 8.29988e-05
64 3.45026e-05 0.000428225
65 -0.000395027 0.000488364
66 -0.000405458 0.000985705
67 -0.000960391 0.00150506
68 -0.00147788 0.00189943
69 -0.0018976 0.00208513
70 -0.00212883 0.00220792
71 -0.00218201 0.00203145
72 -0.00207485 0.00167923
73 -0.00167542 0.00126643
74 -0.00131728 0.000799694
75 -0.000890581 0.00032521
76 -0.000356213 0.000206335
77 -0.000256024 5.95988e-06
78 2.27988e-05 0.000147232
79 -0.000100926 0.000331566
80 -0.000299999 0.000378552
81 -0.000343061 0.000452982
82 -0.000497829 9.03698e-05
83 -0.000138001 -6.01018e-05
84 -2.43718e-05 -0.000415316
85 0.000329912 -0.000577871
86 0.000518001 -0.000653562
87 0.000577383 -0.00070965
88 0.000667845 -0.000579021
89 0.000573468 -0.000258146
90 0.000289486 6.55232e-05
91 -3.8683e-05 0.000439838
92 -0.000346406 0.000697681
93 -0.000613798 0.000732255
94 -0.000679429 0.000674826
95 -0.000597639 0.000442419
96 -0.000435158 0.000140198
97 -0.000163173 -0.000169198
98 9.01423e-05 -0.000466045
99 0.000469896 -0.000373061
100 0.000322625 -0.00039976
101 0.00035797 -0.000390819
102 0.000431312 -0.000179162
103 0.000143132 -0.000347517
104 0.000422073 -0.000138928
105 0.000100188 -0.000123495
106 0.000170354 -5.31649e-05
107 1.70681e-05 -8.02777e-05
108 7.16713e-05 -0.000154675
109 0.000120756 -0.000398164
110 0.000436835 -0.000440431
111 0.000435467 -0.000490024
112 0.000555542 -0.000455226
113 0.000476868 -0.000360865
114 0.000385324 -0.000225341
115 0.000295147 -2.23462e-05
116 2.88983e-05 4.5972e-05
117 6.11611e-05 0.000209182
118 -9.40934e-05 0.000145248
119 -8.25354e-05 5.46457e-05
120 6.53788e-05 8.89278e-05
121 -6.12127e-05 6.39846e-05
122 -5.797e-05 -3.9415e-05
123 8.60353e-06 7.01085e-05
124 -0.000133068 9.62135e-05
125 -0.000213767 2.38533e-05
126 -8.54095e-05 7.7005e-05
127 -0.00015728 1.8504e-05
128 -0.000144233 -1.78732e-05
129 -1.32088e-05 0.000226367
130 -0.000272602 0.000143229
131 -0.000277458 3.90257e-05
132 -7.48495e-05 -1.68847e-06
133 -0.000104953 -0.000250718
134 0.000156031 -0.000178513
135 0.000172539 -0.000109166
136 1.96409e-05 -0.000198882
137 0.000213053 -8.82696e-05
138 0.000116524 -0.000241825
139 0.000159086 -0.00026616
140 0.000308118 -0.000237441
141 0.000304469 -0.000166619
142 0.000138635 -0.00015165
143 0.000241029 -0.000153953
144 0.000173197 -2.5122e-05
145 7.53948e-05 -0.000119419
146 0.000151242 -6.81104e-05
147 1.87223e-05 -0.000171402
148 0.000311283 -0.000146172
149 0.000114707 -0.000195779
150 0.000284933 -0.000117927
151 0.000186641 3.0121e-05
152 -1.91692e-05 3.49315e-05
153 2.72296e-05 0.000226453
154 -0.000191629 0.000221475
155 -0.000154534 0.000319376
156 -0.000258235 0.000386983
157 -0.000375052 0.000431729
158 -0.000347358 0.000509514
159 -0.000533566 0.000500224
160 -0.000464813 0.000547309
161 -0.000532096 0.000450983
162 -0.000381721 0.000626268
163 -0.000563591 0.000640581
164 -0.000614834 0.000559491
165 -0.000500817 0.000496696
166 -0.00045916 0.000322377
167 -0.00031908 3.62317e-05
168 -3.62824e-05 -6.64788e-05
169 5.25465e-05 -7.27932e-05
170 4.75747e-05 -1.16103e-05
171 -5.57398e-06 -2.84856e-05
172 -1.25125e-05 8.72842e-05
173 -0.000154893 4.82789e-05
174 -0.000117311 -8.29797e-06
175 -7.23223e-05 -1.76659e-05
176 -1.65469e-05 -0.000129068
177 6.35577e-06 -0.000260411
178 0.000208663 -0.00029618
179 0.000215041 -0.000264013
180 0.000126832 -0.000261515
181 0.000187065 -0.000135899
182 7.83199e-05 2.45833e-05
183 -3.39392e-05 0.00029091
184 -0.000317858 0.000504307
185 -0.000483408 0.000667917
186 -0.000679144 0.000646325
187 -0.000607647 0.000603347
188 -0.00061476 0.000468491
189 -0.000409928 0.000323376
190 -0.000293186 0.000249163
191 -0.000232913 0.000240829
192 -0.000224317 0.000157597
193 -0.000149262 0.000161742
194 -0.00020336 0.000116085
195 -0.000162261 5.42525e-05
196 -0.000107712 0.000196739
197 -0.00020733 0.000120694
198 -0.00017756 -4.2233e-05
199 9.13311e-05 -1.07729e-05
